0d7669d85.jpg,34, 92, 952, 133, 962, 384, 229, 32
1fd140eec.jpg,114, 86, 879, 84, 846, 489, 311, 46
5f993b380.jpg,34, 185, 986, 150, 1012, 428, 176, 50
3a0473438.jpg,58, 103, 981, 97, 788, 292, 629, 372, 376, 378, 172, 27
1d9de38ba.jpg,121, 249, 1399, 330, 2729, 280, 2119, 440, 652, 443, 300, 33
2d9f0c8b8.jpg,157, 60, 917, 55, 633, 465, 608, 514, 472, 514, 445, 467, 228, 30
3c93275b4.jpg,15, 180, 71, 80, 533, 187, 889, 150, 1031, 257, 729, 397, 397, 35
4c162dd64.jpg,27, 86, 532, 154, 1019, 14, 806, 211, 187, 22
3e4d4b012.jpg,23, 76, 983, 125, 688, 588, 414, 574, 113, 30
03bdbf2a6.jpg,52, 40, 1000, 26, 650, 240, 259, 226, 143, 16
2bfce39cc.jpg,29, 6, 776, 5, 669, 326, 171, 383, 40, 22
4bf48759d.jpg,36, 39, 999, 11, 871, 288, 212, 338, 70, 22
3a55ef3a3.jpg,32, 70, 500, 105, 1014, 32, 697, 275, 164, 28
1d63a94d3.jpg,13, 17, 237, 62, 431, 4, 298, 163, 200, 161, 78, 9
0d972ff80.jpg,22, 172, 508, 218, 957, 161, 626, 401, 471, 400, 227, 28
0d126530f.jpg,133, 32, 505, 270, 941, 38, 883, 432, 613, 705, 312, 654, 138, 34
3f45b5123.jpg,7, 220, 498, 286, 1033, 185, 767, 395, 84, 350, 7, 29
4e41fbe34.jpg,18, 310, 562, 350, 1019, 273, 1022, 383, 37, 35
2b6140ef0.jpg,9, 8, 547, 163, 1023, 75, 769, 381, 437, 377, 128, 18
1bdb2a7d1.jpg,51, 145, 489, 221, 925, 103, 651, 411, 346, 428, 93, 29
4acb90694.jpg,27, 149, 388, 219, 687, 212, 998, 146, 876, 370, 750, 446, 274, 424, 111, 31
5ba5f9552.jpg,13, 14, 557, 139, 958, 10, 1030, 262, 540, 327, 353, 332, 126, 17
4e372eaba.jpg,13, 6, 285, 90, 499, 164, 785, 109, 996, 40, 1002, 157, 845, 296, 804, 315, 245, 348, 109, 23
3e2d13f38.jpg,40, 287, 397, 352, 674, 341, 997, 277, 1035, 339, 998, 374, 257, 460, 69, 38
1a5550c9a.jpg,49, 66, 513, 138, 988, 59, 861, 259, 193, 291, 55, 18
3ec0bc856.jpg,16, 134, 542, 203, 988, 124, 1036, 192, 925, 292, 309, 300, 137, 23
1ac811a9e.jpg,18, 54, 425, 117, 893, 53, 634, 274, 138, 244, 8, 16
3b56f50a7.jpg,21, 9, 215, 78, 409, 8, 281, 139, 98, 157, 27, 9
1d8273e9c.jpg,32, 53, 384, 233, 633, 19, 479, 443, 321, 485, 55, 26
0bce07b3c.jpg,14, 3, 496, 122, 1029, 5, 947, 220, 803, 322, 336, 273, 101, 10
05dfa0c72.jpg,77, 347, 568, 299, 978, 254, 752, 424, 482, 441, 177, 40
5e6cbaf3c.jpg,26, 50, 521, 262, 823, 129, 1033, 41, 1003, 201, 890, 320, 155, 377, 42, 25
2fefb335d.jpg,25, 74, 238, 47, 813, 33, 1020, 24, 950, 177, 31, 19
002de4d94.jpg,13, 118, 318, 143, 1018, 158, 990, 308, 388, 381, 176, 26
5e4386244.jpg,36, 61, 515, 95, 972, 47, 975, 95, 758, 183, 240, 166, 118, 12
2c1bd2db3.jpg,4, 156, 544, 179, 1034, 114, 1039, 259, 804, 348, 269, 388, 90, 31
4ca27c9c4.jpg,20, 206, 519, 288, 1011, 243, 867, 413, 652, 539, 455, 500, 151, 34
3d17fcff9.jpg,18, 32, 496, 119, 1027, 9, 761, 212, 212, 256, 90, 17
0fbe7a441.jpg,36, 57, 496, 126, 813, 14, 1040, 4, 983, 101, 816, 183, 177, 25
5b73f2f2b.jpg,29, 77, 191, 107, 350, 82, 273, 152, 149, 147, 84, 12
2a16bc3eb.jpg,136, 115, 517, 250, 808, 64, 850, 241, 639, 476, 471, 491, 216, 30
02a000c65.jpg,9, 19, 486, 156, 798, 56, 1028, 18, 905, 256, 548, 475, 323, 460, 107, 28
4b709d83b.jpg,33, 366, 135, 204, 491, 385, 1027, 198, 973, 359, 779, 488, 147, 53
5a971e786.jpg,31, 179, 368, 207, 645, 139, 668, 190, 556, 269, 267, 290, 122, 25
2a58c1ee9.jpg,44, 39, 477, 38, 1220, 100, 1667, 61, 1663, 195, 362, 186, 104, 12
03f12f50f.jpg,18, 12, 564, 309, 808, 4, 967, 383, 474, 663, 194, 32
3f812be5d.jpg,34, 222, 528, 330, 983, 211, 968, 322, 828, 397, 295, 452, 124, 35
2f4ec9a20.jpg,22, 307, 434, 199, 1411, 389, 2246, 223, 2932, 173, 2500, 401, 1424, 529, 231, 56
5cf671e2c.jpg,39, 76, 542, 172, 1001, 64, 844, 292, 226, 34
3a1c525eb.jpg,128, 93, 303, 67, 813, 79, 958, 182, 817, 286, 462, 271, 274, 20
2fc6a2acf.jpg,6, 87, 520, 255, 932, 23, 1014, 150, 902, 367, 339, 423, 137, 30
1ce0dee28.jpg,29, 38, 518, 284, 1019, 136, 884, 347, 670, 491, 326, 524, 137, 36
0fb6bd7b3.jpg,37, 183, 490, 184, 848, 133, 1036, 172, 838, 284, 186, 355, 57, 28
4a254b107.jpg,14, 238, 99, 20, 441, 310, 715, 224, 1029, 156, 912, 355, 454, 423, 116, 46
5c178e7af.jpg,195, 173, 319, 10, 830, 4, 440, 313, 264, 32
1f81e0290.jpg,9, 108, 515, 205, 1035, 111, 1028, 188, 293, 371, 110, 27
1b0954425.jpg,101, 227, 461, 275, 672, 212, 855, 188, 788, 290, 455, 324, 92, 29
4e6889b39.jpg,74, 113, 491, 322, 823, 111, 1000, 10, 955, 205, 721, 471, 94, 472, 27, 32
1bebce356.jpg,40, 149, 517, 230, 741, 135, 1016, 105, 867, 279, 679, 370, 287, 383, 74, 27
3fe08b95d.jpg,17, 5, 332, 89, 498, 138, 767, 51, 1037, 16, 917, 130, 184, 281, 40, 17
1f551d0da.jpg,19, 174, 315, 224, 547, 283, 774, 198, 986, 178, 1020, 253, 731, 478, 476, 468, 260, 36
2d9f66f9b.jpg,4, 75, 317, 127, 556, 67, 606, 128, 510, 210, 293, 235, 166, 15
01d0bd024.jpg,25, 15, 506, 138, 1026, 7, 1039, 70, 786, 285, 246, 328, 97, 23
4ad2260ee.jpg,20, 36, 255, 41, 468, 114, 769, 29, 1008, 31, 846, 212, 1, 16
3bd494f3b.jpg,16, 25, 523, 166, 792, 58, 1027, 1, 1014, 154, 807, 309, 233, 270, 70, 16
5eb813d06.jpg,20, 187, 467, 262, 788, 212, 1004, 200, 644, 415, 213, 397, 83, 31
0c9203352.jpg,13, 5, 521, 163, 1041, 4, 672, 399, 370, 410, 89, 20
0b9b6b8ef.jpg,185, 207, 364, 113, 747, 91, 940, 114, 718, 194, 574, 252, 380, 26
0a810e2a1.jpg,23, 44, 216, 73, 359, 147, 582, 55, 779, 45, 551, 262, 100, 25
1d88daf8d.jpg,133, 116, 404, 200, 537, 127, 669, 103, 434, 417, 374, 418, 190, 28
3ebe6f44e.jpg,22, 51, 343, 155, 660, 69, 557, 234, 219, 239, 106, 16
1ca05e393.jpg,68, 228, 510, 302, 999, 229, 955, 357, 312, 42
4e690846e.jpg,34, 187, 233, 187, 824, 179, 1034, 165, 803, 385, 204, 387, 30, 24
3e4fb23a1.jpg,207, 283, 657, 162, 794, 142, 622, 289, 217, 39
1f4b14f34.jpg,51, 258, 172, 187, 1037, 236, 627, 395, 235, 401, 117, 33
0f9b8bee6.jpg,52, 235, 292, 220, 508, 265, 756, 215, 859, 195, 691, 443, 487, 490, 236, 36
4e4110a8c.jpg,12, 176, 335, 209, 572, 159, 690, 155, 567, 261, 438, 292, 265, 313, 97, 27
5f225d380.jpg,19, 55, 251, 109, 519, 175, 851, 103, 1035, 50, 1006, 161, 805, 286, 313, 316, 87, 19
2f39a0fcf.jpg,25, 150, 310, 183, 541, 227, 715, 157, 1002, 56, 1004, 137, 720, 399, 460, 429, 184, 30
4d4389e4f.jpg,66, 192, 522, 341, 912, 321, 934, 362, 278, 36
0f6bbccea.jpg,29, 65, 815, 63, 539, 296, 327, 30
1ea4f6223.jpg,30, 16, 873, 33, 786, 250, 398, 282, 157, 15
3c9d9ddaa.jpg,44, 339, 104, 209, 791, 176, 1024, 165, 859, 344, 109, 44
1ab7ab90a.jpg,97, 171, 518, 287, 926, 150, 935, 259, 742, 431, 297, 43
1b8c471b3.jpg,9, 27, 215, 34, 830, 27, 1041, 14, 818, 250, 199, 29
5c1dc4bc6.jpg,2, 176, 47, 60, 553, 233, 779, 104, 1037, 10, 760, 421, 239, 43
0c9928e81.jpg,28, 206, 530, 274, 868, 172, 999, 254, 960, 340, 194, 31
1d45de8d4.jpg,83, 314, 263, 280, 511, 309, 686, 268, 908, 282, 928, 328, 765, 432, 260, 43
0d84b9e28.jpg,45, 105, 80, 14, 353, 75, 760, 54, 969, 20, 1033, 23, 745, 280, 262, 30
4a92db15f.jpg,37, 260, 335, 285, 692, 228, 855, 217, 834, 280, 56, 30
4ee3d948d.jpg,62, 328, 71, 233, 415, 264, 720, 146, 962, 45, 980, 131, 639, 586, 472, 59
1c466eb64.jpg,13, 25, 376, 97, 641, 189, 949, 277, 1031, 391, 477, 39
1bbc2e494.jpg,13, 155, 87, 31, 465, 166, 708, 111, 938, 81, 1035, 72, 850, 231, 123, 327, 736, 28
3e5db9e5b.jpg,13, 182, 36, 143, 255, 186, 562, 240, 789, 163, 964, 175, 856, 256, 88, 26
4c955a088.jpg,11, 105, 48, 39, 525, 206, 870, 75, 1038, 42, 665, 336, 590, 399, 272, 368, 68, 21
0eaa203d0.jpg,174, 257, 276, 108, 506, 332, 682, 228, 897, 124, 887, 209, 590, 478, 197, 41
4dcb78207.jpg,41, 159, 97, 33, 213, 82, 440, 177, 605, 125, 840, 72, 917, 16, 857, 153, 600, 320, 191, 344, 97, 25
0d88a5c20.jpg,9, 232, 288, 285, 555, 328, 872, 263, 1022, 226, 826, 480, 265, 484, 113, 41
4dcd5e7e5.jpg,146, 268, 195, 198, 522, 377, 712, 267, 832, 191, 776, 414, 247, 43
03bcfbafc.jpg,15, 247, 175, 43, 342, 83, 472, 234, 755, 83, 872, 49, 1038, 8, 711, 302, 42, 37
1b5dcf04b.jpg,28, 138, 90, 61, 189, 111, 454, 219, 717, 115, 855, 61, 898, 130, 779, 246, 637, 329, 189, 31
5bcd04fbe.jpg,157, 98, 169, 42, 264, 29, 492, 164, 603, 20, 836, 321, 789, 462, 562, 41
5f33b1e7f.jpg,5, 247, 168, 22, 453, 244, 743, 120, 1040, 24, 585, 378, 69, 36
2b27515e4.jpg,35, 154, 443, 157, 811, 122, 626, 288, 324, 299, 98, 23
4bb56cdd8.jpg,82, 132, 537, 284, 972, 133, 677, 497, 412, 48
5f8c76fca.jpg,16, 103, 583, 244, 820, 132, 977, 113, 1027, 198, 989, 271, 282, 30
4b795e86c.jpg,44, 41, 386, 166, 981, 15, 995, 307, 772, 586, 311, 48
01c91eadc.jpg,13, 216, 64, 154, 375, 277, 582, 243, 760, 210, 691, 303, 105, 31
3a4640adf.jpg,29, 266, 83, 191, 506, 228, 734, 135, 1005, 76, 700, 336, 196, 37
4f3907016.jpg,130, 218, 112, 394, 525, 340, 730, 253, 975, 259, 772, 477, 176, 48
5f93559ca.jpg,337, 181, 536, 262, 715, 183, 554, 380, 493, 39
4c67dbaa9.jpg,9, 13, 565, 83, 1038, 5, 771, 249, 412, 267, 102, 12
5a54b035b.jpg,51, 278, 873, 319, 1673, 301, 1679, 355, 1082, 456, 561, 445, 171, 34
1e4b4e9da.jpg,129, 337, 498, 169, 753, 159, 1015, 260, 732, 288, 492, 283, 423, 27
3ac57edbc.jpg,35, 38, 680, 112, 539, 320, 164, 325, 5, 14
2ee138bf5.jpg,27, 104, 553, 273, 874, 110, 972, 265, 826, 492, 449, 44
0a9f76baa.jpg,17, 13, 521, 99, 853, 7, 1040, 12, 704, 298, 466, 308, 239, 19
3a6a17330.jpg,12, 123, 559, 247, 965, 163, 1039, 200, 746, 391, 480, 383, 200, 24
5fa416c01.jpg,0, 217, 49, 95, 369, 276, 588, 182, 792, 84, 835, 111, 675, 332, 67, 37
4cd6b39ec.jpg,26, 136, 270, 176, 551, 267, 686, 178, 821, 100, 874, 257, 793, 391, 237, 35
2ba4497b0.jpg,37, 84, 305, 205, 404, 149, 424, 83, 535, 219, 559, 300, 230, 29
1f5f568f4.jpg,14, 9, 215, 63, 449, 21, 442, 61, 243, 164, 174, 151, 85, 10
4e3e001cb.jpg,19, 73, 519, 176, 833, 76, 1025, 82, 1028, 139, 730, 270, 269, 28
5fcbdc91a.jpg,27, 67, 523, 113, 306, 71, 777, 45, 1023, 25, 975, 153, 775, 254, 275, 263, 129, 18
5d945e4b0.jpg,13, 119, 75, 15, 306, 63, 506, 161, 715, 68, 898, 51, 1030, 16, 877, 196, 710, 306, 243, 41
3d3952ae2.jpg,9, 10, 311, 71, 627, 167, 820, 79, 941, 1, 1037, 140, 830, 458, 566, 439, 187, 24
03bbcaaf8.jpg,18, 282, 47, 201, 191, 246, 518, 362, 741, 286, 1008, 249, 1014, 292, 757, 470, 238, 44
0f8695496.jpg,1, 80, 38, 12, 170, 54, 462, 157, 690, 92, 944, 48, 963, 111, 771, 241, 539, 352, 359, 324, 138, 20
5aa9a220f.jpg,38, 282, 67, 196, 255, 223, 515, 313, 751, 228, 1020, 196, 956, 325, 753, 418, 214, 42
5b4e9292f.jpg,4, 206, 36, 171, 332, 237, 674, 172, 683, 204, 542, 301, 120, 29
5fb4337c5.jpg,5, 157, 31, 117, 247, 198, 524, 262, 754, 190, 1020, 105, 936, 277, 571, 454, 393, 388, 167, 28
2a2c4a661.jpg,239, 76, 197, 257, 367, 112, 529, 196, 736, 93, 913, 66, 1005, 13, 1013, 55, 427, 518, 207, 28
4f025cbe0.jpg,48, 134, 225, 228, 395, 307, 544, 136, 680, 115, 708, 18
5a214f0ff.jpg,0, 125, 109, 33, 286, 82, 378, 97, 529, 33, 697, 37, 717, 126, 527, 275, 274, 27
00e94fd56.jpg,6, 7, 16, 156, 476, 147, 827, 29, 1039, 11, 704, 335, 149, 30
5a60c2652.jpg,7, 154, 259, 317, 595, 309, 692, 209, 647, 144, 371, 211, 132, 16
0b764f19d.jpg,1, 130, 4, 199, 299, 381, 493, 388, 872, 105, 841, 70, 407, 22
4ff515bf7.jpg,22, 219, 20, 297, 544, 301, 1026, 241, 1029, 331, 234, 38
5edd0c9a0.jpg,13, 119, 382, 196, 790, 121, 809, 192, 563, 301, 128, 30
01e1319b8.jpg,6, 12, 225, 5, 534, 107, 813, 0, 1045, 8, 872, 164, 611, 336, 430, 324, 160, 17
04c54975e.jpg,15, 353, 224, 318, 510, 375, 781, 343, 1040, 342, 1010, 394, 815, 470, 697, 512, 354, 549, 105, 42
1e1c31080.jpg,5, 69, 68, 29, 200, 3, 779, 8, 938, 40, 690, 160, 126, 15
5cf8f9089.jpg,23, 165, 113, 39, 268, 127, 471, 290, 686, 254, 839, 278, 1037, 330, 654, 475, 208, 45
3b633a834.jpg,12, 258, 521, 280, 1019, 216, 788, 387, 235, 363, 52, 30
1bdd2f1c8.jpg,0, 354, 55, 246, 493, 383, 792, 293, 1032, 249, 658, 579, 195, 585, 46, 46
2ac96451b.jpg,22, 121, 551, 315, 795, 186, 985, 151, 1022, 293, 733, 553, 402, 54
5c7d1788f.jpg,29, 158, 104, 101, 581, 163, 918, 74, 1033, 63, 1045, 141, 661, 313, 303, 30
1adc83ebc.jpg,23, 37, 41, 90, 551, 188, 798, 134, 972, 78, 1027, 161, 780, 373, 478, 353, 258, 22
5f4665fbf.jpg,18, 80, 42, 29, 190, 55, 523, 197, 842, 42, 998, 3, 1023, 96, 711, 342, 657, 371, 417, 379, 150, 21
4c19ff6a0.jpg,87, 246, 88, 377, 274, 267, 769, 189, 962, 152, 723, 454, 248, 52
2f2b6ef03.jpg,24, 7, 208, 57, 272, 32, 297, 2, 349, 77, 321, 113, 146, 11
3fd6a444b.jpg,35, 142, 69, 205, 484, 168, 726, 123, 872, 235, 694, 324, 674, 405, 544, 407, 351, 26
4fe483e96.jpg,99, 242, 943, 275, 1598, 333, 2400, 213, 3009, 179, 3109, 192, 2402, 435, 501, 45
5cfe64731.jpg,16, 26, 422, 144, 599, 54, 763, 29, 780, 95, 672, 177, 248, 20
03ee04174.jpg,45, 93, 283, 142, 515, 221, 707, 128, 972, 39, 979, 135, 591, 473, 468, 47
0ae8027fa.jpg,38, 53, 693, 95, 666, 162, 405, 259, 249, 27
04b0f6f59.jpg,26, 199, 432, 280, 693, 211, 859, 189, 880, 240, 808, 340, 170, 35
2a4d01c88.jpg,57, 271, 229, 266, 519, 312, 846, 225, 1037, 211, 1026, 282, 807, 405, 221, 43
3f9017093.jpg,26, 149, 105, 66, 1014, 152, 1004, 246, 601, 442, 271, 44
2b57498f5.jpg,23, 123, 524, 155, 708, 111, 887, 169, 779, 276, 486, 29
3cd807f20.jpg,124, 131, 502, 195, 699, 165, 941, 138, 824, 237, 270, 264, 157, 21
2c9de8518.jpg,10, 140, 916, 139, 1034, 305, 954, 445, 443, 44
0a8c32aa2.jpg,10, 50, 533, 202, 976, 107, 1041, 184, 885, 321, 327, 32
0bf8f6746.jpg,55, 310, 521, 316, 810, 269, 1027, 277, 846, 385, 223, 44
0c2d0b8b8.jpg,50, 214, 470, 255, 761, 210, 1013, 219, 962, 285, 637, 379, 267, 394, 133, 34
5aef450e4.jpg,30, 187, 237, 211, 518, 269, 774, 225, 970, 257, 912, 357, 266, 36
1e446dd80.jpg,63, 142, 891, 137, 985, 196, 790, 479, 382, 491, 203, 34
4f395be3a.jpg,10, 5, 976, 23, 797, 301, 342, 28
1c14ad8f3.jpg,10, 18, 545, 190, 976, 19, 1034, 148, 711, 446, 470, 446, 196, 28
2cab7ee01.jpg,10, 47, 578, 257, 817, 84, 927, 33, 996, 165, 795, 385, 408, 396, 162, 26
5fd2cf756.jpg,5, 4, 340, 96, 206, 39, 552, 43, 656, 33, 621, 115, 397, 225, 211, 223, 61, 12
4ea984f42.jpg,39, 16, 306, 43, 548, 102, 771, 56, 1028, 18, 1035, 127, 545, 187, 125, 21
4c775306c.jpg,7, 338, 34, 242, 502, 374, 837, 264, 1043, 233, 1045, 318, 693, 487, 282, 51
3c6a5676a.jpg,24, 145, 36, 62, 935, 242, 1497, 159, 1885, 121, 1892, 238, 1453, 388, 480, 35
2b9d6f5cb.jpg,38, 123, 204, 191, 523, 312, 676, 239, 838, 177, 900, 106, 979, 299, 760, 586, 438, 53
3e0e3ec53.jpg,16, 34, 241, 101, 473, 209, 747, 140, 977, 131, 667, 327, 235, 32
4c8b7aa93.jpg,12, 316, 24, 266, 416, 248, 681, 158, 869, 170, 517, 359, 192, 36
1ffca571e.jpg,29, 75, 302, 147, 528, 221, 729, 178, 994, 148, 817, 372, 282, 33
0efd83abc.jpg,197, 98, 423, 182, 706, 128, 919, 114, 680, 351, 224, 18
4f8c22790.jpg,31, 93, 497, 154, 838, 41, 1003, 9, 1023, 125, 835, 305, 152, 27
4c49657e3.jpg,84, 256, 134, 174, 400, 153, 636, 114, 817, 99, 453, 329, 279, 36
3f7555197.jpg,39, 31, 536, 168, 852, 53, 1025, 53, 630, 441, 457, 432, 199, 27
0c9392543.jpg,23, 171, 490, 264, 1026, 106, 675, 435, 313, 48
5ab7f8a5c.jpg,61, 124, 511, 239, 1017, 117, 780, 312, 110, 29
1d6982b48.jpg,26, 70, 835, 23, 258, 399, 24, 38
3ab1ebbfe.jpg,42, 101, 470, 160, 914, 15, 749, 193, 29, 19
4f9a12406.jpg,26, 196, 755, 280, 1471, 170, 1211, 367, 229, 34
5a4eb8ee5.jpg,79, 30, 539, 247, 990, 34, 765, 481, 148, 43
1e7fd4afe.jpg,62, 172, 1014, 188, 579, 506, 234, 48
5dd793428.jpg,43, 121, 456, 175, 766, 105, 739, 204, 108, 20
2c9e97034.jpg,34, 194, 847, 185, 621, 349, 276, 34
5bddb47fa.jpg,23, 15, 1045, 10, 856, 188, 188, 22
1b8a8675d.jpg,46, 173, 975, 166, 876, 436, 242, 35
5dc82cfe5.jpg,38, 202, 550, 277, 968, 207, 734, 374, 374, 41
5e46781f6.jpg,6, 235, 480, 338, 975, 231, 933, 460, 255, 40
1c8f9300a.jpg,76, 44, 512, 221, 1015, 33, 780, 345, 115, 33
05e145d7a.jpg,20, 13, 991, 25, 955, 277, 286, 26
0f7342dd7.jpg,145, 9, 991, 19, 637, 827, 4, 51
4f47be8de.jpg,76, 265, 1007, 227, 900, 414, 171, 44
4d24e7128.jpg,17, 144, 855, 145, 672, 279, 336, 31
4af2bae5b.jpg,9, 277, 1042, 290, 618, 517, 413, 56
4dc51cdcf.jpg,44, 304, 1004, 302, 950, 434, 340, 46
3e74449c2.jpg,119, 216, 916, 213, 786, 451, 489, 45
0a8e58929.jpg,104, 101, 669, 89, 525, 239, 52, 26
1e5d52a28.jpg,31, 64, 543, 302, 1033, 130, 812, 410, 263, 37
4a3662cc5.jpg,1270, 175, 29, 196, 2669, 187, 1926, 455, 633, 46
2c56284d0.jpg,17, 71, 558, 176, 1031, 68, 772, 274, 356, 29
5e3c4b3f0.jpg,39, 190, 552, 256, 1005, 210, 753, 378, 285, 37
3bebe67aa.jpg,54, 259, 1739, 259, 1179, 404, 436, 37
2b536e10c.jpg,34, 49, 759, 48, 525, 344, 243, 34
3dd105781.jpg,32, 128, 823, 132, 548, 294, 151, 27
2a100389d.jpg,69, 158, 1013, 179, 836, 502, 384, 46
0a946e283.jpg,56, 208, 947, 194, 819, 335, 43, 29
3bbe85f33.jpg,152, 205, 947, 127, 720, 487, 283, 50
5d8bcefe7.jpg,78, 252, 971, 161, 836, 369, 293, 39
0b0628ce5.jpg,12, 144, 1041, 155, 619, 260, 216, 23
0b6f58d39.jpg,5, 140, 1007, 134, 850, 294, 90, 26
2f6f3a676.jpg,1, 34, 846, 22, 545, 474, 435, 46
3b4397d09.jpg,16, 135, 1031, 93, 618, 304, 229, 33
2de922fbd.jpg,41, 73, 892, 199, 850, 468, 406, 40
4b4cb7651.jpg,63, 130, 913, 174, 716, 372, 399, 37
0a17df049.jpg,56, 243, 981, 310, 803, 405, 334, 36
5c3eaa90d.jpg,11, 28, 1038, 32, 627, 287, 286, 27
1d7a45844.jpg,22, 254, 863, 263, 604, 302, 219, 31
3f695280b.jpg,136, 111, 967, 168, 639, 551, 495, 53
3a82b4182.jpg,27, 147, 681, 157, 643, 429, 466, 41
0b55a9127.jpg,20, 27, 242, 79, 474, 24, 382, 116, 69, 10
5e65ab1f0.jpg,19, 63, 1015, 50, 514, 353, 138, 33
3d294082b.jpg,11, 84, 455, 182, 887, 119, 648, 290, 253, 28
2af53ac76.jpg,21, 166, 2658, 171, 2172, 283, 902, 25
5d1c7a20a.jpg,50, 38, 681, 45, 612, 342, 38, 13
5e8bcae50.jpg,97, 139, 990, 169, 836, 479, 254, 39
4d6f75679.jpg,12, 235, 1014, 221, 792, 434, 279, 44
3eb4f2a19.jpg,18, 36, 979, 70, 974, 287, 463, 29
02e409b9d.jpg,37, 36, 1024, 210, 741, 383, 290, 38
1f6913887.jpg,13, 105, 688, 128, 515, 197, 212, 23
0b833edd3.jpg,23, 30, 527, 154, 1023, 29, 937, 205, 197, 21
1d908df2f.jpg,19, 43, 183, 49, 143, 70, 19, 7
4dd0e734a.jpg,26, 112, 1026, 150, 778, 314, 240, 31
0e91f87dc.jpg,99, 229, 935, 181, 781, 388, 170, 39
5bb1ea147.jpg,23, 81, 437, 157, 877, 73, 656, 218, 120, 24
5cc039f4c.jpg,40, 168, 955, 202, 659, 429, 433, 42
3a8adfec1.jpg,43, 24, 512, 188, 1033, 45, 720, 296, 211, 29
0c533e95a.jpg,69, 206, 494, 302, 959, 189, 678, 413, 349, 44
2f0f07af1.jpg,37, 63, 500, 127, 1024, 65, 554, 305, 369, 32
5a439458b.jpg,14, 290, 1034, 219, 612, 465, 415, 47
5c9da740d.jpg,38, 204, 948, 230, 569, 441, 476, 44
3d6360f9d.jpg,96, 84, 670, 58, 646, 317, 61, 39
2d2cbd31a.jpg,34, 172, 544, 263, 1007, 153, 990, 415, 225, 41
0ad02b007.jpg,161, 262, 828, 239, 791, 455, 265, 41
2dc734e80.jpg,48, 238, 1009, 229, 776, 399, 206, 39
3e528c2f5.jpg,
5cf2b3c01.jpg,24, 154, 1017, 214, 836, 378, 238, 35
3f85d2d9f.jpg,2, 50, 1035, 30, 814, 148, 244, 21
0ba0e9fad.jpg,28, 172, 502, 315, 991, 267, 803, 373, 248, 34
0eda92f63.jpg,30, 27, 530, 179, 1022, 106, 566, 438, 468, 442, 60, 11
4fa0c5e60.jpg,116, 206, 925, 204, 722, 451, 376, 42
5f85ec4f6.jpg,100, 178, 349, 228, 588, 160, 492, 265, 202, 25
3fc58d0a2.jpg,7, 330, 543, 389, 1025, 316, 831, 505, 297, 514, 46, 41
1d92f95ed.jpg,5, 35, 347, 33, 271, 155, 203, 15
0cb4662dd.jpg,22, 34, 957, 47, 824, 352, 273, 35
1c4880b51.jpg,22, 121, 886, 122, 570, 360, 177, 35
0cac857ca.jpg,55, 113, 3711, 97, 2413, 355, 896, 290, 217, 19
5ea00c833.jpg,61, 181, 1043, 128, 629, 423, 143, 42
02fa44546.jpg,66, 70, 999, 195, 448, 716, 266, 66
2b912df84.jpg,14, 62, 982, 132, 972, 361, 399, 33
1f74a054d.jpg,19, 81, 673, 72, 491, 314, 164, 34
1bf6235ba.jpg,166, 193, 808, 207, 841, 264, 235, 27
2f47b47f9.jpg,86, 191, 1026, 139, 843, 356, 65, 37
2faf1fe96.jpg,40, 231, 964, 282, 982, 452, 284, 39
5e054ccb1.jpg,26, 19, 1026, 21, 619, 361, 474, 375, 42, 6
2ef50db3b.jpg,18, 99, 1031, 142, 886, 265, 73, 25
3e0d6671a.jpg,105, 48, 543, 220, 983, 88, 671, 362, 422, 37
5e302f021.jpg,11, 29, 439, 130, 808, 64, 593, 239, 260, 23
5b83c9321.jpg,10, 41, 367, 95, 732, 44, 417, 195, 245, 18
2ce7d8404.jpg,33, 233, 506, 269, 1006, 250, 704, 395, 188, 35
3effca683.jpg,42, 166, 519, 214, 902, 205, 675, 332, 487, 32
01d48763a.jpg,17, 252, 583, 271, 1002, 34, 728, 481, 555, 50
2dcb8578c.jpg,225, 100, 481, 10, 318, 175, 215, 17
5c8e322b0.jpg,32, 213, 950, 204, 586, 542, 40, 270, 40, 27
0dabab089.jpg,89, 270, 564, 398, 970, 261, 888, 399, 291, 39
2dd067330.jpg,31, 237, 529, 312, 1027, 163, 734, 443, 252, 46
5e778fa04.jpg,13, 184, 574, 303, 1018, 212, 986, 296, 272, 34
2adc34521.jpg,29, 163, 221, 221, 524, 320, 764, 210, 935, 113, 976, 206, 829, 424, 246, 432, 105, 34
4d3e45158.jpg,2, 3, 118, 76, 361, 176, 648, 190, 820, 93, 1021, 2, 1045, 139, 885, 322, 171, 30
0a0ec5a23.jpg,4, 10, 294, 110, 731, 90, 1037, 2, 1015, 166, 732, 407, 322, 428, 120, 28
3abd3082c.jpg,55, 36, 289, 112, 683, 142, 974, 173, 928, 37, 651, 478, 442, 46
01f47d246.jpg,41, 91, 498, 191, 898, 117, 948, 151, 601, 355, 411, 33
04a5a7aed.jpg,10, 121, 63, 3, 283, 78, 645, 93, 924, 24, 1041, 5, 832, 184, 682, 285, 186, 28
0a6231824.jpg,8, 326, 26, 221, 527, 371, 816, 243, 993, 144, 1041, 224, 783, 486, 243, 52
4d1998606.jpg,7, 16, 285, 117, 541, 4, 568, 65, 358, 256, 231, 259, 108, 18
5f020ae50.jpg,135, 298, 216, 132, 381, 249, 730, 212, 904, 149, 896, 252, 736, 400, 169, 44
5bb83cf30.jpg,7, 52, 107, 60, 153, 47, 198, 53, 161, 93, 99, 8
3d145ac9c.jpg,72, 205, 239, 221, 599, 221, 817, 203, 816, 274, 490, 452, 369, 44
2aff81bbf.jpg,12, 132, 63, 33, 483, 177, 772, 104, 1036, 43, 876, 199, 148, 28
0f77daf5f.jpg,38, 60, 37, 18, 199, 26, 533, 123, 843, 26, 1033, 25, 690, 256, 277, 21
0a17925d7.jpg,19, 80, 104, 44, 421, 15, 509, 25, 445, 65, 150, 10
02b063a20.jpg,4, 77, 284, 108, 503, 99, 668, 76, 697, 158, 577, 244, 161, 23
0dcf2fcf0.jpg,128, 105, 332, 120, 791, 123, 945, 98, 662, 408, 370, 43
2d89f6a9d.jpg,24, 3, 1012, 3, 1041, 113, 924, 381, 113, 35
3edc4e391.jpg,3, 174, 31, 140, 508, 146, 559, 224, 448, 325, 80, 25
1d2d1a4d6.jpg,9, 233, 1024, 243, 1046, 336, 844, 483, 185, 44
00bb36bcf.jpg,29, 113, 890, 72, 907, 161, 694, 382, 349, 39
02b4c72e2.jpg,17, 212, 57, 136, 1001, 131, 1015, 191, 629, 469, 314, 46
4ff292490.jpg,34, 279, 46, 191, 1023, 203, 1021, 309, 715, 485, 380, 48
02c298e3c.jpg,6, 188, 685, 201, 535, 318, 121, 31
1c2794cb1.jpg,107, 8, 980, 15, 700, 396, 177, 39
1bd566d62.jpg,81, 218, 685, 292, 1008, 126, 197, 7
2c4d75bc2.jpg,13, 42, 516, 379, 736, 364, 1039, 145, 976, 4
1e49b9fe5.jpg,144, 14, 456, 112, 519, 17, 670, 85, 692, 200, 518, 269, 359, 15
0ddf541fd.jpg,40, 116, 338, 135, 774, 128, 992, 139, 1013, 186, 733, 361, 394, 35
0a17a66ea.jpg,59, 23, 1016, 65, 665, 415, 211, 41
0fc351278.jpg,21, 175, 41, 7, 1026, 27, 1009, 262, 934, 378, 80, 36
0a1785dc6.jpg,6, 147, 1038, 127, 749, 427, 215, 40
01fb8d6d7.jpg,12, 198, 81, 5, 1035, 153, 964, 445, 20, 29
05f560c71.jpg,142, 300, 707, 296, 854, 223, 20, 203, 200, 185, 710, 16
2eead5e0f.jpg,7, 232, 139, 189, 957, 205, 1025, 287, 862, 402, 410, 42
2f95e4528.jpg,9, 68, 1002, 96, 1042, 198, 947, 323, 206, 33
04d63dabe.jpg,14, 146, 240, 166, 838, 164, 1040, 140, 725, 477, 346, 45
2ec63abe5.jpg,39, 13, 292, 36, 744, 47, 843, 350, 747, 510, 450, 48
02ab81ee7.jpg,19, 143, 18, 52, 497, 197, 750, 71, 951, 89, 615, 466, 393, 42
1bfe04a81.jpg,26, 143, 726, 133, 1023, 143, 1001, 231, 353, 32
1ec859b90.jpg,60, 255, 309, 9, 974, 6, 976, 40, 351, 419, 110, 39
1e2d3a766.jpg,9, 122, 118, 15, 457, 182, 736, 84, 1032, 79, 469, 341, 232, 35
0febe3392.jpg,11, 175, 1047, 189, 746, 395, 203, 374, 215, 19
0f8077fd2.jpg,3, 41, 54, 3, 526, 7, 554, 10, 349, 105, 66, 9
0d2cff3ea.jpg,38, 195, 514, 326, 1031, 220, 1016, 321, 760, 469, 246, 47
3b2109ab3.jpg,54, 108, 214, 113, 711, 149, 864, 140, 1011, 177, 590, 318, 275, 26
4b75409fc.jpg,27, 104, 104, 36, 489, 97, 782, 60, 813, 146, 561, 396, 423, 38
5e15a59d8.jpg,320, 287, 414, 256, 630, 276, 734, 290, 538, 359, 408, 37
0e106a661.jpg,34, 136, 346, 188, 777, 146, 1009, 79, 1027, 172, 912, 283, 37, 32
1bb2d0067.jpg,29, 97, 461, 225, 731, 98, 890, 68, 882, 134, 611, 345, 316, 35
2a3812290.jpg,7, 167, 529, 224, 1027, 174, 1025, 231, 310, 34
2bb4f1a62.jpg,84, 150, 506, 310, 922, 212, 921, 279, 666, 437, 395, 40
4e42964e1.jpg,193, 396, 260, 266, 453, 261, 426, 366, 212, 40
0e453962b.jpg,8, 129, 440, 196, 633, 137, 743, 118, 809, 216, 614, 338, 414, 34
2d3c2464b.jpg,65, 121, 918, 107, 966, 239, 714, 475, 481, 47
02c583932.jpg,16, 9, 535, 88, 801, 15, 1012, 17, 1020, 158, 856, 268, 151, 22
0ef1395fd.jpg,20, 67, 516, 227, 862, 137, 1035, 138, 861, 340, 216, 30
1ba42c6dd.jpg,120, 212, 488, 282, 717, 187, 863, 157, 746, 305, 244, 35
2c17e310c.jpg,22, 112, 111, 23, 474, 244, 734, 206, 1017, 190, 992, 271, 115, 28
4df0f5618.jpg,29, 34, 532, 257, 878, 110, 1032, 53, 1044, 155, 790, 413, 271, 38
5eeec41d1.jpg,28, 202, 429, 283, 603, 178, 800, 106, 674, 311, 119, 30
3a11ed32b.jpg,63, 169, 136, 17, 321, 172, 668, 457, 843, 432, 1014, 453, 961, 652, 705, 734, 384, 69
4f4c52bce.jpg,93, 283, 148, 134, 524, 288, 775, 192, 996, 102, 977, 209, 584, 522, 383, 52
2efc099ae.jpg,14, 79, 167, 27, 842, 44, 1034, 81, 1032, 174, 809, 297, 372, 29
5fb196570.jpg,46, 112, 73, 302, 332, 218, 785, 192, 1015, 116, 624, 585, 401, 58
2aeec25a2.jpg,11, 20, 486, 192, 793, 123, 1030, 12, 752, 347, 258, 37
1f04e484b.jpg,81, 151, 406, 313, 800, 251, 744, 403, 163, 40
2e71224a1.jpg,5, 216, 189, 159, 529, 183, 882, 149, 1037, 184, 677, 270, 570, 331, 413, 33
0ffda96bd.jpg,0, 66, 92, 43, 193, 72, 350, 46, 431, 48, 279, 119, 61, 11
0aa2615d0.jpg,168, 53, 402, 156, 248, 548, 113, 31
01ddb76dc.jpg,13, 72, 482, 182, 1042, 84, 1015, 172, 680, 329, 220, 33
4b9925e93.jpg,32, 174, 78, 92, 989, 79, 1017, 164, 789, 387, 269, 40
0eb053bfa.jpg,3, 198, 2, 131, 187, 107, 903, 95, 1049, 114, 1045, 169, 537, 358, 343, 37
4b317dd80.jpg,17, 317, 57, 232, 836, 261, 1032, 253, 1022, 348, 800, 406, 123, 42
3f37c5bb7.jpg,16, 46, 471, 218, 857, 50, 759, 298, 198, 34
3d1d7b0e3.jpg,18, 25, 247, 33, 610, 156, 754, 60, 910, 49, 1021, 348, 311, 28
5e1639acf.jpg,23, 281, 531, 212, 2060, 273, 2998, 201, 2992, 277, 2198, 496, 887, 49
2c9898495.jpg,113, 160, 969, 206, 732, 452, 371, 44
3f40351b0.jpg,71, 64, 290, 56, 803, 55, 1018, 120, 808, 271, 425, 26
1b71da08b.jpg,52, 285, 276, 307, 644, 345, 947, 270, 907, 447, 243, 48
4c020946d.jpg,108, 177, 427, 267, 742, 178, 505, 484, 425, 48
5ddf3fc64.jpg,10, 47, 38, 19, 395, 82, 773, 12, 792, 49, 630, 113, 140, 11
2a6d108cf.jpg,86, 15, 19, 214, 489, 219, 777, 90, 1037, 34, 856, 212, 75, 29
3b0b094da.jpg,2, 159, 249, 145, 552, 219, 837, 130, 1044, 140, 727, 363, 313, 33
2f1c35443.jpg,14, 13, 1036, 30, 794, 266, 227, 25
5ab3d1db6.jpg,24, 91, 1040, 143, 705, 354, 301, 38
5cfd830ec.jpg,0, 52, 27, 4, 1045, 24, 695, 225, 166, 20
4a3bfee55.jpg,4, 49, 529, 39, 580, 63, 474, 181, 379, 20
3f39da55c.jpg,94, 183, 817, 187, 1004, 188, 992, 296, 767, 405, 130, 40
3b2d00d6e.jpg,28, 91, 212, 36, 814, 64, 1004, 158, 585, 308, 434, 30
002fd89d4.jpg,29, 22, 222, 13, 257, 71, 208, 144, 89, 13
3d965654e.jpg,41, 183, 78, 103, 891, 118, 1025, 130, 713, 354, 299, 36
4d84f7105.jpg,0, 223, 31, 145, 1037, 127, 539, 492, 394, 49
002f52f0c.jpg,38, 303, 26, 198, 249, 178, 803, 170, 1022, 140, 823, 382, 206, 38
1c4a1472b.jpg,43, 46, 304, 61, 834, 61, 1032, 59, 710, 312, 448, 31
5d7277fa1.jpg,11, 114, 364, 221, 640, 122, 672, 276, 197, 28
2e8009675.jpg,29, 206, 43, 118, 254, 90, 596, 185, 910, 88, 1163, 107, 1204, 198, 754, 480, 466, 47
0bf02efd4.jpg,68, 215, 237, 226, 539, 329, 795, 245, 981, 246, 928, 383, 677, 481, 307, 44
3d5903acc.jpg,178, 81, 76, 204, 972, 224, 902, 339, 532, 470, 243, 43
00edab267.jpg,58, 81, 14, 127, 995, 122, 1037, 203, 730, 370, 274, 34
3b377d586.jpg,45, 172, 89, 129, 652, 176, 738, 251, 697, 330, 240, 31
5b0b37f12.jpg,12, 326, 60, 232, 1026, 147, 1027, 210, 846, 335, 98, 41
5c101d530.jpg,18, 85, 1038, 79, 631, 374, 192, 37
1a4b25e55.jpg,88, 167, 924, 164, 877, 421, 326, 45
3ab95fe59.jpg,67, 86, 1033, 14, 716, 485, 404, 50
5d963668b.jpg,28, 101, 1040, 109, 829, 302, 373, 32
0e7fa6595.jpg,36, 139, 1002, 140, 689, 365, 330, 35
0acdb56da.jpg,30, 189, 514, 276, 1035, 182, 659, 456, 282, 44
4b31a3f4d.jpg,29, 43, 305, 119, 474, 89, 627, 83, 427, 196, 205, 19
04eb7096a.jpg,39, 225, 135, 173, 545, 200, 691, 238, 539, 279, 354, 353, 264, 35
4fb4bed8c.jpg,17, 51, 227, 87, 434, 151, 664, 86, 867, 84, 511, 337, 379, 34
1d43069b9.jpg,0, 103, 251, 131, 688, 152, 1046, 184, 731, 390, 240, 32
4fa213437.jpg,101, 33, 76, 86, 248, 103, 748, 84, 969, 53, 955, 153, 694, 279, 296, 29
1c34731d3.jpg,22, 60, 566, 152, 505, 285, 125, 26
1fcb19ee9.jpg,228, 146, 741, 139, 829, 333, 728, 491, 592, 47
4e9352e86.jpg,27, 9, 848, 23, 987, 356, 961, 478, 320, 46
3ab4766a0.jpg,62, 289, 233, 209, 820, 221, 1024, 276, 503, 423, 274, 40
3db5ba77d.jpg,28, 151, 526, 275, 858, 175, 1028, 125, 667, 396, 338, 40
4c9e3d03b.jpg,11, 7, 489, 89, 1028, 15, 517, 218, 252, 20
3a0054a5a.jpg,28, 25, 900, 116, 907, 332, 682, 576, 315, 51
3bd661dc9.jpg,41, 132, 1023, 164, 760, 408, 323, 42
4f8b41f6c.jpg,69, 96, 974, 104, 530, 541, 371, 54
0aa16aa26.jpg,28, 101, 96, 6, 1005, 157, 668, 378, 270, 38
3a591cbd5.jpg,1, 204, 54, 139, 1008, 147, 988, 271, 710, 467, 317, 43
5aa781f12.jpg,190, 194, 338, 24, 762, 58, 762, 132, 376, 350, 292, 35
1a8302bee.jpg,43, 13, 1028, 26, 657, 308, 8, 69, 335, 28
4fe8fab09.jpg,13, 215, 59, 110, 1007, 173, 1032, 349, 699, 632, 352, 60
2a6b2827f.jpg,7, 35, 1030, 34, 818, 380, 293, 38
0e2899a8a.jpg,3, 99, 41, 43, 851, 69, 872, 158, 679, 320, 176, 30
1cc5a52b8.jpg,11, 115, 42, 92, 965, 47, 1035, 151, 876, 348, 260, 33
01e527ebc.jpg,41, 32, 539, 179, 924, 51, 986, 114, 720, 345, 439, 33
0f9219c40.jpg,11, 119, 104, 12, 889, 64, 1036, 19, 964, 151, 584, 377, 236, 40
04a763f43.jpg,91, 387, 271, 246, 777, 244, 989, 210, 566, 443, 94, 49
2a8537e27.jpg,37, 155, 50, 98, 541, 258, 963, 84, 1018, 196, 665, 451, 438, 45
3bdf814e3.jpg,55, 136, 52, 73, 247, 67, 598, 154, 815, 46, 1019, 138, 898, 331, 599, 31
1c40a61d2.jpg,5, 128, 50, 8, 250, 159, 499, 337, 765, 244, 1017, 130, 1032, 286, 790, 504, 227, 45
4efe8b214.jpg,13, 105, 234, 91, 808, 124, 1039, 249, 621, 397, 415, 37
04f26a748.jpg,115, 200, 133, 125, 553, 312, 941, 205, 972, 269, 746, 452, 358, 39
1c19dcd4f.jpg,330, 392, 25, 141, 52, 13, 494, 157, 1031, 19, 558, 36
2ac0d7bba.jpg,131, 142, 143, 47, 491, 241, 851, 83, 878, 161, 649, 372, 396, 38
2e0842a5b.jpg,305, 357, 331, 310, 768, 255, 757, 295, 594, 38
5a5dfde16.jpg,75, 145, 273, 283, 531, 334, 788, 199, 1027, 78, 849, 382, 98, 49
0e3ec4092.jpg,161, 440, 166, 345, 270, 246, 482, 395, 884, 148, 726, 35
2cb21412f.jpg,6, 83, 265, 94, 532, 184, 800, 99, 1038, 73, 1016, 169, 714, 315, 363, 30
4ec903858.jpg,11, 102, 112, 16, 600, 46, 715, 15, 722, 73, 510, 283, 60, 20
0d4e63d49.jpg,32, 3, 451, 121, 767, 26, 943, 8, 646, 311, 206, 30
5fd4e8c42.jpg,7, 73, 26, 12, 1027, 54, 1035, 181, 816, 337, 276, 31
0a5be3b4c.jpg,25, 196, 67, 168, 371, 180, 722, 149, 879, 168, 566, 349, 389, 34
1ecb5556c.jpg,72, 250, 225, 156, 787, 156, 983, 235, 963, 263, 133, 28
5ef53e8e7.jpg,7, 104, 44, 4, 1003, 5, 1034, 143, 827, 341, 313, 38
0fc3544d5.jpg,116, 274, 127, 203, 526, 339, 768, 228, 942, 179, 950, 256, 781, 409, 256, 41
5ddfbc712.jpg,9, 6, 548, 137, 783, 59, 986, 7, 1039, 69, 865, 214, 328, 21
1fed019a6.jpg,17, 205, 250, 163, 539, 236, 800, 181, 1015, 203, 1035, 254, 810, 381, 394, 34
4f8eec727.jpg,10, 94, 46, 14, 439, 142, 742, 83, 1039, 3, 1018, 104, 21, 13
0e82ef15d.jpg,190, 343, 141, 288, 169, 236, 272, 271, 332, 237, 414, 210, 323, 32
5b3576594.jpg,93, 85, 360, 149, 584, 94, 469, 294, 348, 29
1bd524f66.jpg,13, 218, 81, 66, 983, 58, 1011, 170, 619, 542, 329, 55
5c4adcf26.jpg,54, 142, 48, 89, 224, 93, 666, 51, 833, 11, 499, 411, 364, 41
3f11d31d8.jpg,25, 74, 847, 61, 647, 295, 390, 34
2c2d53054.jpg,6, 260, 25, 186, 165, 174, 651, 105, 860, 93, 655, 283, 32, 29
0aa98293e.jpg,26, 184, 50, 13, 997, 6, 1046, 150, 847, 522, 158, 43
4ca1edeb0.jpg,42, 99, 587, 213, 904, 124, 992, 175, 959, 226, 352, 23
3e697b323.jpg,28, 23, 280, 28, 975, 4, 702, 417, 179, 20
0b4b8858e.jpg,33, 84, 543, 247, 950, 98, 1005, 213, 899, 368, 207, 34
1fb74285e.jpg,47, 47, 269, 88, 472, 174, 794, 101, 999, 32, 1010, 171, 879, 300, 195, 27
4fafbc2a5.jpg,91, 22, 587, 10, 416, 232, 82, 131, 32, 5
1c13f043e.jpg,24, 24, 273, 7, 849, 9, 1038, 90, 701, 257, 489, 26
0ffeef0e3.jpg,29, 32, 810, 136, 886, 149, 1025, 337, 1004, 427, 272, 32
0cc139a82.jpg,298, 150, 706, 129, 755, 309, 644, 526, 432, 40
1c26fe4bd.jpg,10, 173, 36, 73, 834, 90, 801, 258, 492, 435, 235, 44
2bde706c0.jpg,21, 169, 51, 102, 1004, 129, 1041, 190, 735, 373, 356, 40
2ad241107.jpg,32, 267, 146, 198, 514, 312, 869, 203, 1000, 263, 845, 383, 306, 47
5dd52018a.jpg,3, 52, 10, 3, 392, 54, 663, 57, 1030, 6, 1028, 66, 810, 200, 221, 19
0e748ef8a.jpg,12, 228, 136, 33, 468, 189, 756, 71, 995, 53, 969, 142, 468, 470, 235, 50
1b807793f.jpg,4, 156, 64, 90, 270, 106, 643, 165, 862, 126, 1019, 110, 1014, 166, 589, 341, 307, 34
0aeb3fd4f.jpg,76, 317, 149, 269, 1382, 264, 1444, 309, 1003, 482, 398, 47
2da8e0953.jpg,13, 263, 538, 389, 767, 297, 1045, 230, 1028, 354, 820, 538, 92, 47
5b62a996b.jpg,7, 282, 56, 201, 833, 224, 1046, 198, 1043, 279, 825, 384, 179, 40
1c4787fc8.jpg,21, 351, 60, 267, 999, 279, 826, 503, 204, 55
0ec0bfe08.jpg,11, 81, 695, 148, 484, 279, 296, 27
4ffdbdcc8.jpg,31, 35, 1028, 62, 922, 305, 121, 30
0f496fce7.jpg,69, 103, 597, 110, 409, 306, 290, 28
5af2d6181.jpg,29, 301, 72, 258, 888, 241, 1031, 226, 580, 462, 411, 49
3fc571ba4.jpg,48, 134, 959, 4, 986, 133, 645, 495, 460, 50
3be53fc62.jpg,5, 222, 14, 175, 513, 237, 845, 201, 1036, 216, 1021, 274, 666, 369, 359, 37
0da9f950f.jpg,25, 81, 48, 41, 561, 206, 846, 127, 979, 88, 1024, 178, 872, 330, 315, 29
5a41395ad.jpg,15, 192, 46, 169, 526, 291, 982, 175, 999, 242, 927, 287, 288, 38
5eb592b49.jpg,12, 176, 181, 53, 804, 52, 1028, 69, 1014, 149, 570, 332, 198, 29
3afb07efb.jpg,22, 81, 306, 139, 587, 65, 525, 173, 107, 18
2aa80d6bf.jpg,0, 231, 65, 87, 205, 72, 845, 66, 1036, 57, 1037, 136, 772, 299, 145, 35
1dbb9246f.jpg,38, 111, 38, 15, 547, 176, 828, 68, 1033, 84, 788, 292, 317, 30
5d0db41ac.jpg,34, 317, 44, 224, 557, 386, 860, 259, 1042, 224, 1029, 380, 968, 440, 234, 47
4c0ceac84.jpg,28, 230, 58, 160, 260, 248, 535, 305, 784, 236, 982, 178, 977, 260, 740, 437, 255, 40
2e1798579.jpg,7, 171, 533, 271, 830, 194, 1031, 184, 1023, 272, 720, 427, 389, 41
5e3978c0b.jpg,0, 293, 4, 215, 499, 314, 822, 216, 1028, 214, 1023, 254, 599, 484, 367, 48
3e8c38bc9.jpg,8, 206, 622, 54, 950, 21, 1023, 168, 705, 42
2dce1abb0.jpg,2, 15, 304, 13, 231, 88, 63, 9
2e64af917.jpg,47, 215, 48, 149, 517, 253, 274, 153, 850, 175, 984, 167, 990, 259, 622, 441, 442, 42
0f71bd2d3.jpg,21, 3, 483, 10, 550, 117, 521, 195, 223, 20
3b6de4d96.jpg,179, 8, 518, 80, 720, 393, 454, 35
2d91869ab.jpg,109, 182, 405, 147, 695, 123, 855, 179, 458, 303, 281, 30
4cbdbb886.jpg,52, 223, 288, 257, 687, 268, 958, 223, 979, 363, 72, 31
3f40d5bb1.jpg,105, 398, 138, 322, 516, 428, 907, 328, 941, 368, 766, 463, 220, 49
0cf642c94.jpg,75, 281, 85, 231, 632, 207, 836, 213, 688, 347, 276, 40
0d6075348.jpg,46, 95, 85, 43, 486, 64, 497, 122, 429, 222, 121, 22
4c61badb7.jpg,34, 13, 535, 192, 928, 104, 1037, 312, 958, 433, 422, 41
4b925e1f7.jpg,90, 230, 337, 258, 540, 309, 762, 261, 978, 221, 639, 506, 409, 50
0a3f2415f.jpg,2, 3, 496, 43, 881, 9, 1001, 66, 745, 174, 321, 16
3db223346.jpg,25, 110, 1032, 323, 863, 370, 395, 35
5c751afb5.jpg,10, 158, 133, 9, 871, 96, 1042, 81, 598, 389, 125, 39
2a9533d1c.jpg,23, 86, 45, 43, 763, 8, 753, 40, 514, 204, 288, 25
4e9c8c580.jpg,25, 117, 53, 15, 482, 87, 475, 154, 353, 264, 158, 27
0d3603904.jpg,8, 213, 47, 11, 1005, 17, 1024, 104, 777, 393, 187, 42
3ab77e041.jpg,18, 93, 216, 80, 845, 81, 997, 143, 761, 341, 530, 35
3babecf06.jpg,27, 13, 356, 113, 582, 70, 703, 3, 608, 174, 94, 18
0dc0d18a3.jpg,7, 3, 516, 95, 850, 12, 1038, 6, 1026, 108, 813, 217, 228, 20
5e2e7af45.jpg,14, 31, 1033, 26, 798, 488, 293, 45
1c7f0f337.jpg,71, 239, 135, 167, 1018, 191, 659, 476, 407, 55
2e829a65a.jpg,4, 10, 118, 24, 91, 71, 46, 6
0a78e8c21.jpg,8, 268, 1026, 268, 1037, 323, 658, 587, 476, 57
2bbf0b333.jpg,15, 84, 45, 28, 520, 112, 868, 29, 1041, 40, 712, 263, 351, 34
1fbf02f20.jpg,23, 306, 248, 305, 808, 305, 987, 287, 825, 435, 251, 49
4fede041d.jpg,33, 5, 839, 89, 1422, 28, 1668, 21, 1667, 211, 350, 20
2a09c41b6.jpg,1, 126, 22, 112, 571, 117, 566, 158, 345, 256, 240, 26
4cb865beb.jpg,101, 39, 882, 190, 838, 116, 832, 262, 407, 26
2c399dddf.jpg,25, 91, 944, 80, 1035, 265, 767, 554, 476, 57
0f0c0f630.jpg,6, 69, 666, 131, 530, 304, 192, 28
05ff833b9.jpg,11, 58, 956, 80, 1043, 160, 829, 387, 606, 38
5cc4aed2d.jpg,26, 226, 555, 295, 1023, 243, 741, 446, 374, 42
03f41c1f2.jpg,32, 61, 639, 13, 661, 80, 437, 315, 310, 31
4e67e3409.jpg,29, 60, 251, 78, 790, 56, 988, 15, 1023, 169, 791, 343, 317, 34
3b8e16e13.jpg,8, 227, 46, 159, 846, 166, 1023, 154, 1036, 226, 693, 429, 355, 44
3a3598815.jpg,14, 106, 243, 149, 576, 238, 754, 144, 958, 104, 1047, 240, 868, 479, 459, 41
1afea7c23.jpg,48, 224, 105, 177, 839, 208, 1009, 179, 1021, 223, 665, 402, 277, 38
5c479a4a9.jpg,28, 200, 486, 347, 810, 281, 950, 217, 1007, 304, 887, 461, 266, 42
4d685a22c.jpg,94, 240, 930, 203, 696, 484, 366, 52
2f10c83bb.jpg,14, 60, 396, 71, 331, 162, 54, 15
1bec9b28e.jpg,19, 208, 863, 206, 564, 378, 323, 39
3c46fee76.jpg,23, 123, 201, 138, 583, 189, 697, 205, 721, 315, 190, 31
4f221727b.jpg,20, 110, 839, 120, 607, 317, 325, 33
02aff2eda.jpg,48, 136, 492, 94, 340, 236, 247, 25
0b9520529.jpg,146, 255, 250, 44, 844, 35, 481, 451, 246, 50
2f80d3c07.jpg,20, 26, 550, 186, 779, 69, 1005, 27, 709, 454, 367, 40
3a1282ae2.jpg,8, 17, 335, 13, 209, 113, 149, 11
03b658f23.jpg,53, 213, 1008, 219, 742, 451, 268, 47
0e85abc44.jpg,109, 84, 775, 170, 863, 327, 537, 346, 380, 34
1b41a0e07.jpg,21, 30, 895, 49, 786, 272, 174, 27
4af00599f.jpg,7, 254, 704, 181, 898, 206, 501, 326, 320, 34
4c0cb7c7b.jpg,18, 96, 95, 27, 826, 53, 1025, 35, 609, 241, 208, 26
1aa7b651a.jpg,11, 112, 72, 4, 498, 132, 814, 50, 1042, 28, 938, 166, 181, 16
5f71b3295.jpg,26, 207, 104, 76, 292, 130, 782, 102, 1028, 85, 719, 345, 191, 36
2a198ca6e.jpg,145, 367, 107, 284, 127, 220, 576, 232, 683, 235, 593, 31
1bfff1cc3.jpg,40, 372, 96, 250, 793, 244, 1013, 224, 796, 393, 97, 44
3c17cd449.jpg,11, 24, 1038, 9, 660, 462, 384, 46
0fff6f428.jpg,28, 185, 83, 63, 1032, 100, 486, 402, 293, 42
0ddacf4c8.jpg,35, 124, 89, 86, 556, 170, 842, 111, 984, 79, 960, 215, 200, 20
4ff44f155.jpg,87, 46, 562, 79, 569, 113, 378, 214, 199, 19
5e498c1bb.jpg,43, 234, 76, 161, 1033, 171, 1018, 278, 578, 506, 392, 48
0bcf9ce11.jpg,16, 67, 726, 155, 1039, 103, 604, 407, 309, 41
1a72251b0.jpg,14, 205, 56, 130, 252, 131, 447, 199, 736, 146, 916, 189, 482, 37
2bb096027.jpg,36, 25, 873, 20, 1011, 177, 815, 488, 607, 47
2eac926e3.jpg,76, 25, 1003, 29, 647, 302, 87, 22
4d124a041.jpg,17, 59, 1038, 63, 639, 392, 351, 37
2abd97a5b.jpg,33, 11, 943, 0, 946, 10, 987, 124, 865, 310, 247, 33
4f6a7dc56.jpg,24, 172, 1033, 190, 691, 417, 396, 41
4dd2ee317.jpg,2, 285, 50, 210, 966, 220, 967, 331, 624, 470, 248, 47
5fcb96981.jpg,10, 127, 872, 124, 522, 312, 274, 30
2f199ca48.jpg,20, 23, 245, 19, 191, 68, 76, 7
02ef5fee0.jpg,102, 189, 193, 40, 365, 52, 858, 52, 1026, 33, 561, 461, 255, 48
4b4c65d30.jpg,38, 166, 248, 146, 790, 159, 1014, 151, 672, 387, 345, 40
2b2f869a0.jpg,143, 90, 513, 319, 822, 165, 1008, 121, 697, 529, 237, 54
0dfed8337.jpg,33, 206, 514, 259, 888, 217, 1016, 227, 685, 448, 464, 44
5d0ca9ac4.jpg,34, 27, 968, 72, 1037, 130, 994, 297, 358, 30
3e665407b.jpg,4, 118, 583, 89, 621, 119, 620, 238, 552, 307, 238, 30
0f44f16fd.jpg,7, 107, 1033, 11, 619, 398, 335, 40
4e4c518c3.jpg,3, 122, 61, 4, 1037, 12, 728, 315, 262, 36
2cc851988.jpg,9, 129, 265, 110, 836, 150, 1035, 220, 626, 335, 448, 32
5d12dfdcd.jpg,68, 18, 1035, 23, 787, 489, 259, 605, 23, 25
01ea0d37f.jpg,78, 136, 708, 181, 439, 324, 362, 322, 338, 32
4f3c560f6.jpg,40, 192, 85, 133, 845, 153, 480, 367, 289, 38
5bbdedc36.jpg,15, 9, 197, 18, 584, 28, 696, 27, 525, 192, 256, 21
4bb2557cd.jpg,4, 214, 91, 90, 1035, 121, 744, 379, 113, 41
5d56ca7b5.jpg,22, 100, 521, 255, 1026, 134, 781, 331, 311, 38
2ef0d7089.jpg,15, 169, 226, 153, 740, 160, 1033, 159, 625, 327, 425, 32
0a7c3ab7e.jpg,11, 40, 480, 58, 511, 111, 343, 243, 256, 22
4ae49bc07.jpg,0, 107, 16, 71, 181, 101, 312, 76, 377, 75, 251, 135, 57, 13
0edc4f945.jpg,81, 124, 154, 7, 354, 110, 557, 29, 693, 6, 367, 316, 212, 34
4a805e594.jpg,62, 17, 437, 10, 454, 68, 332, 204, 182, 16
0ce154fff.jpg,187, 196, 264, 144, 386, 134, 452, 177, 299, 271, 243, 26
1e862d802.jpg,68, 245, 338, 244, 561, 311, 832, 254, 967, 239, 795, 503, 310, 48
5deee355e.jpg,9, 13, 257, 65, 539, 133, 775, 64, 999, 30, 1039, 118, 806, 267, 424, 25
5ed79621a.jpg,30, 101, 206, 101, 528, 214, 784, 129, 992, 108, 626, 496, 423, 46
3e687d0cc.jpg,0, 99, 426, 165, 895, 121, 879, 197, 724, 261, 152, 26
0ff9cd790.jpg,16, 78, 281, 121, 442, 170, 682, 86, 881, 77, 856, 151, 579, 312, 311, 29
00a427ac6.jpg,50, 58, 263, 78, 519, 158, 863, 79, 1016, 47, 1001, 133, 605, 349, 457, 36
1f98ffa0c.jpg,25, 28, 209, 55, 507, 123, 765, 60, 1018, 28, 1018, 94, 927, 144, 162, 15
4e1426137.jpg,33, 347, 149, 218, 757, 160, 1018, 115, 829, 294, 41, 38
0f49e785f.jpg,12, 170, 863, 237, 707, 351, 225, 36
4c594bc0f.jpg,6, 4, 1031, 110, 1031, 248, 265, 27
4a63614dc.jpg,4, 74, 102, 11, 940, 13, 1030, 88, 707, 269, 385, 25
3a64341ef.jpg,10, 102, 65, 47, 635, 44, 776, 38, 524, 174, 108, 178, 93, 19
1cd41b064.jpg,53, 100, 528, 195, 820, 136, 1031, 121, 866, 230, 192, 21
5c0ee1cda.jpg,6, 241, 38, 175, 759, 163, 830, 174, 810, 234, 527, 33
2e3734755.jpg,58, 104, 972, 128, 722, 398, 353, 41
2a73b60f7.jpg,10, 62, 21, 29, 387, 50, 488, 41, 364, 131, 169, 14
2bf0aa7e8.jpg,14, 282, 257, 315, 809, 317, 989, 285, 1040, 371, 927, 483, 248, 49
2f6ccbb19.jpg,13, 68, 692, 77, 410, 310, 291, 30
4b4345266.jpg,22, 253, 1022, 215, 1043, 268, 770, 434, 378, 44
01f9f858a.jpg,25, 8, 479, 11, 274, 230, 213, 23
5baa42814.jpg,46, 102, 153, 66, 1041, 74, 892, 199, 171, 15
4bb651519.jpg,19, 112, 78, 36, 1003, 49, 1034, 145, 761, 284, 265, 29
2cda2c079.jpg,12, 175, 1041, 196, 887, 469, 282, 48
0c9dd9352.jpg,21, 190, 1034, 199, 798, 424, 229, 40
5f9408bfe.jpg,13, 10, 1044, 5, 771, 227, 181, 22
2e48ad07b.jpg,214, 62, 683, 54, 950, 209, 1017, 424, 579, 640, 217, 38
3c9d519cf.jpg,9, 63, 243, 71, 489, 34, 597, 17, 381, 217, 280, 22
5b3b5315b.jpg,62, 159, 177, 86, 511, 78, 653, 77, 261, 281, 127, 27
1d26cd932.jpg,37, 101, 327, 134, 619, 208, 889, 129, 997, 125, 937, 346, 291, 27
0c0775b6e.jpg,128, 306, 246, 115, 936, 135, 608, 468, 138, 470, 202, 51
4a8ab5bb3.jpg,51, 179, 261, 124, 754, 104, 870, 104, 565, 296, 390, 29
3b6a6fecf.jpg,9, 360, 209, 209, 1110, 420, 1987, 321, 2517, 241, 2166, 448, 419, 58
2ea943684.jpg,6, 67, 196, 85, 550, 152, 822, 79, 974, 124, 807, 256, 460, 27
4ef8655da.jpg,12, 23, 443, 149, 712, 36, 1037, 6, 966, 189, 829, 268, 167, 28
3d1efcc47.jpg,20, 117, 525, 205, 797, 131, 998, 127, 1025, 233, 859, 339, 308, 32
2c40fccc2.jpg,21, 215, 1032, 247, 714, 564, 281, 55
2e42d4c07.jpg,7, 206, 41, 125, 1032, 194, 1009, 280, 601, 500, 319, 516, 407, 50
0f81e1992.jpg,83, 39, 731, 83, 719, 307, 193, 29
3e158b18b.jpg,21, 363, 49, 299, 1040, 386, 914, 542, 214, 51
2a6bbd8c0.jpg,61, 220, 1677, 203, 1674, 298, 1382, 404, 452, 40
1b4b93454.jpg,81, 125, 877, 226, 737, 389, 257, 35
5c5c081b5.jpg,24, 48, 1022, 58, 697, 359, 349, 40
1e75d9abc.jpg,56, 254, 250, 238, 780, 271, 955, 285, 959, 366, 777, 456, 433, 44
3f542ebd6.jpg,29, 249, 31, 146, 1002, 145, 1016, 212, 319, 47
5ede343aa.jpg,28, 215, 34, 114, 1023, 122, 918, 390, 220, 39
03f6f8101.jpg,26, 13, 987, 38, 1033, 127, 891, 266, 374, 30
3e3cbcf35.jpg,18, 67, 43, 18, 660, 8, 657, 99, 37, 11
0cab0d7fd.jpg,38, 117, 55, 88, 663, 67, 669, 114, 529, 203, 234, 23
4edf92885.jpg,16, 232, 1013, 255, 595, 534, 439, 53
2a6242e7a.jpg,23, 23, 433, 23, 346, 92, 80, 8
1d6701d80.jpg,22, 148, 59, 75, 1026, 85, 1004, 149, 780, 300, 190, 29
4cd4f4e2f.jpg,9, 157, 17, 102, 870, 103, 863, 185, 688, 300, 201, 30
3fe7850b6.jpg,16, 254, 25, 190, 1015, 244, 772, 465, 279, 46
0ab754aff.jpg,5, 119, 93, 55, 1044, 56, 742, 295, 373, 36
2ba7a6ec7.jpg,8, 28, 355, 80, 635, 15, 680, 87, 559, 175, 122, 18
2e988d4d9.jpg,3, 16, 547, 147, 995, 22, 1030, 140, 706, 335, 441, 33
0ff98563c.jpg,7, 20, 181, 16, 348, 68, 494, 30, 657, 42, 462, 175, 244, 17
1a7b8b905.jpg,15, 35, 255, 31, 788, 30, 1044, 15, 1034, 110, 678, 281, 270, 32
0aa099dec.jpg,2, 34, 554, 92, 959, 38, 1042, 12, 669, 282, 295, 30
3be62ad36.jpg,16, 89, 1034, 95, 820, 312, 279, 30
1a175f0fb.jpg,37, 219, 120, 114, 1026, 176, 664, 420, 188, 44
02cd0a66b.jpg,18, 11, 1011, 16, 1023, 87, 693, 308, 471, 31
2dac78808.jpg,44, 200, 818, 158, 610, 378, 266, 39
1eccef9fd.jpg,52, 24, 1268, 32, 1139, 187, 200, 21
0e30f63bc.jpg,6, 6, 1035, 13, 856, 263, 182, 26
4e8fc42de.jpg,69, 244, 71, 181, 920, 98, 982, 93, 964, 171, 814, 261, 212, 31
0a8daaa8c.jpg,18, 141, 1038, 189, 655, 440, 329, 44
03a154d2a.jpg,3, 144, 23, 89, 687, 86, 816, 76, 532, 245, 227, 26
3b29e4b8c.jpg,4, 254, 63, 138, 1039, 147, 615, 489, 227, 52
000dcf7d8.jpg,12, 15, 678, 12, 418, 351, 303, 36
4f5ec4e36.jpg,6, 6, 1046, 8, 627, 374, 387, 37
5fc88a2f2.jpg,53, 50, 442, 170, 1018, 55, 642, 407, 357, 43
2f681da34.jpg,19, 185, 556, 243, 937, 92, 1039, 176, 934, 327, 348, 38
0d247778c.jpg,187, 135, 778, 220, 592, 383, 412, 38
2b2a08f4f.jpg,5, 4, 1028, 7, 991, 140, 230, 21
1d028ae17.jpg,22, 184, 1029, 95, 610, 513, 627, 526, 364, 535, 364, 535, 364, 535, 945, 5
2a5a2983d.jpg,66, 197, 539, 297, 845, 226, 1022, 206, 799, 479, 255, 48
5e09e1715.jpg,55, 478, 275, 18, 1009, 44, 678, 59
2dbd47765.jpg,14, 95, 51, 25, 1018, 48, 772, 264, 296, 32
3c8642287.jpg,186, 285, 339, 257, 684, 243, 811, 240, 684, 393, 365, 42
2a91b158c.jpg,74, 141, 578, 152, 628, 236, 572, 316, 310, 33
1c2bded2b.jpg,15, 196, 189, 139, 980, 197, 735, 417, 264, 42
3f54a88cb.jpg,14, 75, 489, 84, 623, 104, 446, 230, 328, 23
2ef297872.jpg,59, 287, 97, 198, 1039, 233, 943, 331, 715, 458, 296, 51
2a714b54e.jpg,41, 127, 60, 16, 1028, 25, 1044, 128, 828, 300, 419, 34
4bd973b48.jpg,34, 150, 918, 166, 975, 278, 841, 413, 388, 44
2efcefa22.jpg,7, 32, 379, 204, 699, 284, 617, 320, 338, 31
3b6279c3d.jpg,34, 191, 987, 220, 1003, 285, 681, 481, 442, 47
2decd9948.jpg,24, 180, 54, 37, 894, 38, 1021, 26, 529, 38
1d76ecad0.jpg,21, 5, 291, 15, 220, 147, 21, 14
1ae9086c9.jpg,26, 117, 281, 107, 821, 170, 1036, 204, 803, 363, 293, 33
4fed80927.jpg,17, 11, 1039, 6, 902, 297, 183, 34
1a759c77d.jpg,21, 117, 660, 167, 362, 291, 226, 28
4ac21b9c5.jpg,4, 78, 992, 81, 1043, 169, 902, 332, 343, 36
1c9735945.jpg,95, 180, 993, 284, 833, 496, 312, 47
4f326b886.jpg,25, 262, 83, 125, 1010, 279, 981, 371, 160, 37
2d62a131a.jpg,25, 129, 683, 176, 597, 276, 129, 27
1bb667ea0.jpg,14, 360, 255, 383, 834, 374, 1017, 372, 1039, 455, 303, 53
2d8c38290.jpg,3, 12, 129, 13, 482, 8, 565, 17, 373, 152, 168, 14
1ea95c247.jpg,13, 290, 333, 360, 798, 334, 1040, 305, 775, 524, 284, 54
4acd8c1a5.jpg,17, 73, 296, 88, 789, 98, 987, 95, 1014, 201, 734, 365, 505, 37
4e74f1aea.jpg,15, 286, 132, 213, 1029, 187, 562, 504, 348, 53
4ec644d16.jpg,20, 102, 516, 207, 838, 122, 1015, 118, 1029, 175, 935, 276, 275, 28
4fc69fd82.jpg,19, 198, 1023, 208, 1029, 297, 821, 485, 261, 47
1bd12277e.jpg,307, 295, 348, 122, 426, 96, 456, 28
04ea55d4d.jpg,33, 131, 884, 138, 499, 347, 340, 33
4af58beb4.jpg,14, 14, 1032, 11, 903, 188, 241, 24
0d185d2df.jpg,86, 218, 103, 114, 955, 147, 623, 399, 267, 42
2e7acf4fc.jpg,19, 152, 37, 49, 1026, 106, 749, 352, 278, 38
0eb4e3e0d.jpg,8, 13, 1038, 20, 664, 265, 275, 24
3fb03887a.jpg,23, 196, 1021, 210, 1029, 289, 749, 472, 328, 46
2c4013927.jpg,4, 407, 40, 311, 1037, 322, 795, 559, 259, 61
3cfa1be0f.jpg,150, 260, 263, 169, 858, 150, 926, 265, 704, 435, 398, 45
0c1f975f3.jpg,13, 135, 53, 45, 654, 43, 307, 314, 160, 31
3bba129ad.jpg,16, 33, 802, 11, 885, 135, 669, 397, 422, 42
5f42dd618.jpg,28, 87, 997, 72, 727, 334, 245, 31
1af7d183c.jpg,13, 143, 1043, 137, 744, 294, 327, 29
1df1b002b.jpg,8, 16, 1030, 34, 665, 240, 223, 22
3cae6cc29.jpg,632, 648, 539, 5, 659, 8, 905, 49
02f1b3142.jpg,17, 159, 994, 168, 1038, 323, 906, 511, 281, 46
4ea6218d6.jpg,20, 142, 1027, 141, 1041, 320, 34, 41
3e30c12f5.jpg,24, 150, 1026, 173, 690, 408, 292, 37
5da2895b7.jpg,14, 111, 593, 90, 557, 162, 149, 18
0fef4a0f2.jpg,47, 38, 1013, 45, 589, 591, 283, 55
4bc14831a.jpg,8, 15, 932, 51, 1036, 243, 977, 390, 319, 36
4ab6eb239.jpg,33, 158, 1016, 149, 762, 419, 259, 46
1aadef38f.jpg,4, 209, 1034, 127, 752, 360, 326, 38
3c598a678.jpg,26, 18, 814, 54, 721, 205, 203, 22
1fcc92641.jpg,23, 140, 84, 53, 798, 67, 995, 46, 760, 199, 93, 22
04c0cf092.jpg,94, 262, 136, 26, 973, 24, 656, 322, 61, 18
1ab291651.jpg,15, 16, 980, 5, 1044, 74, 659, 376, 454, 35
1f8593eb9.jpg,25, 218, 39, 145, 982, 187, 1015, 324, 746, 485, 350, 50
00ccb53ec.jpg,92, 205, 91, 106, 978, 240, 978, 359, 708, 489, 405, 47
05bac8b66.jpg,28, 132, 906, 113, 960, 206, 859, 334, 135, 35
5acd10ab5.jpg,215, 211, 914, 228, 741, 392, 354, 44
0c2522fbd.jpg,13, 209, 1035, 217, 821, 434, 322, 44
1f67bc08f.jpg,33, 28, 1019, 16, 1046, 101, 816, 372, 329, 39
4a1afacbc.jpg,55, 75, 983, 111, 641, 429, 440, 42
4e3fdc4b1.jpg,8, 35, 1035, 11, 653, 405, 389, 41
1dd1c2826.jpg,41, 322, 73, 93, 1030, 114, 705, 505, 162, 50
4cc2d18ff.jpg,59, 187, 993, 176, 728, 436, 368, 44
2b1921219.jpg,36, 214, 57, 155, 872, 149, 569, 364, 264, 36
5df233d64.jpg,0, 35, 225, 18, 865, 2, 1045, 61, 895, 185, 160, 17
4badcf6dd.jpg,1, 128, 11, 33, 1043, 14, 974, 105, 598, 340, 247, 33
2a9d55168.jpg,190, 248, 409, 230, 882, 240, 988, 329, 728, 456, 509, 47
1ece0f5aa.jpg,12, 45, 1470, 90, 1378, 250, 272, 23
2aeee8b9f.jpg,255, 248, 496, 236, 772, 300, 949, 383, 571, 352, 344, 31
0d7e61a98.jpg,14, 1, 1048, 19, 763, 232, 302, 25
1cd94f2e1.jpg,5, 3, 1040, 9, 1029, 92, 753, 273, 307, 26
3dae18d55.jpg,60, 101, 77, 40, 996, 31, 723, 322, 306, 34
5d72c6154.jpg,36, 27, 1041, 21, 827, 190, 162, 24
0bfd71606.jpg,74, 194, 1014, 202, 752, 471, 438, 50
3a3f0be5d.jpg,350, 439, 745, 428, 609, 602, 524, 61
4d47deef2.jpg,10, 73, 842, 15, 1006, 127, 768, 414, 279, 41
2af094998.jpg,55, 91, 948, 20, 992, 118, 822, 264, 311, 27
4c8a67ef7.jpg,17, 22, 1027, 32, 857, 320, 272, 37
2adb14008.jpg,178, 56, 753, 50, 520, 524, 372, 45
3a5782736.jpg,8, 38, 689, 39, 407, 315, 326, 32
05e0da16b.jpg,8, 199, 1042, 222, 711, 526, 285, 54
1dd8948e2.jpg,9, 190, 93, 16, 943, 135, 665, 362, 135, 39
4e130e511.jpg,16, 182, 1028, 201, 602, 454, 458, 46
01b1ecf7b.jpg,26, 243, 57, 172, 658, 113, 843, 112, 595, 357, 192, 37
03cbe2800.jpg,10, 134, 299, 106, 729, 111, 1004, 182, 1003, 307, 480, 29
3edd76b8c.jpg,74, 221, 109, 124, 319, 153, 590, 206, 841, 103, 1031, 68, 646, 350, 331, 36
3ab4dec76.jpg,13, 18, 523, 16, 398, 156, 38, 16
5a3a7c007.jpg,84, 109, 642, 97, 315, 389, 185, 38
2aa552150.jpg,42, 35, 667, 55, 363, 261, 247, 26
4d52e76e6.jpg,22, 148, 765, 173, 575, 320, 174, 30
1c8d579b1.jpg,0, 51, 411, 54, 340, 123, 60, 10
1b0b0559d.jpg,26, 16, 1038, 81, 1039, 290, 242, 31
5cf81cb37.jpg,13, 105, 884, 89, 705, 269, 167, 27
01d9c00d4.jpg,167, 206, 879, 183, 794, 394, 335, 42
0fe281ec5.jpg,92, 88, 803, 26, 863, 380, 734, 622, 281, 58
5a2f992f4.jpg,20, 149, 258, 162, 688, 147, 892, 130, 823, 208, 41, 22
02cfedaf7.jpg,5, 6, 1039, 9, 661, 315, 473, 32
0ede082e6.jpg,69, 266, 282, 241, 754, 205, 922, 180, 927, 272, 785, 354, 98, 33
02bdf0929.jpg,16, 18, 266, 16, 850, 26, 1035, 49, 841, 176, 211, 18
3eb31a469.jpg,0, 113, 286, 210, 576, 178, 670, 122, 693, 187, 583, 279, 172, 28
5c89043e5.jpg,27, 314, 1015, 354, 624, 509, 266, 49
4cf6d4672.jpg,10, 236, 1039, 278, 855, 396, 273, 42
5b902a65b.jpg,2, 218, 42, 108, 1027, 24, 1030, 141, 725, 478, 290, 53
2bac1809c.jpg,23, 93, 30, 16, 524, 156, 1028, 22, 850, 182, 160, 20
4e9806396.jpg,18, 304, 838, 266, 640, 424, 268, 44
4c4c984e5.jpg,8, 247, 1040, 253, 1018, 356, 768, 486, 228, 44
3ea11c048.jpg,30, 170, 354, 126, 802, 153, 1005, 267, 667, 353, 416, 32
3f1987163.jpg,25, 170, 41, 121, 879, 31, 537, 350, 401, 37
1b7ee8ac5.jpg,189, 342, 874, 383, 737, 464, 214, 44
0d95ce135.jpg,91, 5, 856, 57, 792, 710, 391, 62
00ca82e74.jpg,15, 25, 1031, 15, 671, 400, 486, 38
02d8e1e1f.jpg,37, 50, 1040, 22, 637, 371, 289, 36
3bcf68475.jpg,13, 334, 223, 291, 1042, 171, 817, 325, 85, 38
05bd2e6bb.jpg,22, 123, 1010, 113, 1024, 342, 968, 392, 248, 38
3ac350828.jpg,5, 14, 1040, 47, 927, 150, 158, 19
3cacb2c58.jpg,9, 57, 1020, 56, 626, 365, 421, 36
3f6d155fd.jpg,148, 12, 729, 54, 889, 153, 745, 245, 131, 26
2d75dcaa2.jpg,88, 408, 175, 280, 348, 350, 792, 263, 358, 522, 141, 50
5cdad1c51.jpg,5, 38, 435, 33, 320, 151, 101, 13
4df01b1d9.jpg,16, 68, 1018, 46, 622, 476, 428, 48
5c6a53c84.jpg,17, 40, 488, 48, 284, 167, 155, 17
5bc6943e1.jpg,14, 15, 996, 15, 1029, 114, 813, 416, 221, 43
1ce8f442b.jpg,14, 29, 1029, 27, 996, 165, 155, 21
1dc727b6f.jpg,3, 93, 1033, 12, 720, 418, 330, 39
1cf6fe843.jpg,33, 33, 1015, 81, 782, 259, 223, 23
3b79c2285.jpg,246, 262, 956, 121, 703, 514, 623, 52
2c4035b6b.jpg,5, 6, 1040, 13, 793, 247, 274, 24
3c5607611.jpg,37, 201, 983, 207, 662, 496, 551, 51
3f7334faf.jpg,12, 121, 889, 86, 1044, 223, 1021, 288, 454, 33
2ea29fabe.jpg,24, 166, 678, 159, 680, 241, 15, 23
4af2c5f98.jpg,13, 18, 1040, 8, 569, 415, 358, 44
2b9ad3e83.jpg,147, 119, 990, 79, 564, 423, 387, 40
5fcbda8ce.jpg,24, 211, 871, 100, 677, 330, 171, 35
4e09edc85.jpg,56, 171, 985, 188, 802, 295, 257, 32
5ab00ee21.jpg,38, 221, 976, 227, 979, 306, 807, 368, 208, 38
2b4b8e5db.jpg,25, 114, 68, 25, 1024, 82, 579, 359, 252, 35
1d596e1d0.jpg,35, 307, 46, 202, 509, 312, 837, 205, 1019, 214, 1011, 278, 652, 470, 332, 48
1e683316e.jpg,14, 16, 588, 164, 968, 23, 1041, 111, 721, 386, 507, 41
0bff72486.jpg,16, 197, 819, 194, 1035, 199, 975, 303, 263, 46
3e98ef3ee.jpg,15, 170, 72, 16, 933, 14, 1025, 209, 721, 401, 355, 41
4d31ac4d6.jpg,18, 103, 216, 46, 929, 76, 1018, 155, 835, 402, 550, 38
4e22cb67a.jpg,70, 252, 1040, 273, 957, 411, 67, 45
4a882d31e.jpg,42, 180, 995, 188, 842, 390, 337, 41
2f25893c3.jpg,17, 233, 274, 218, 891, 194, 1034, 204, 854, 342, 274, 36
2f101575a.jpg,13, 208, 69, 157, 1046, 154, 590, 380, 288, 39
4cf7723a8.jpg,45, 282, 546, 379, 922, 109, 1004, 173, 871, 372, 296, 44
2fe4ec2d5.jpg,86, 243, 204, 144, 1622, 124, 1615, 187, 1254, 40
5f4289116.jpg,13, 86, 217, 73, 838, 85, 985, 170, 914, 264, 487, 31
3f61eac16.jpg,16, 179, 1001, 173, 962, 26, 1046, 216, 1024, 334, 798, 505, 342, 47
2eef038cc.jpg,66, 232, 976, 233, 742, 444, 196, 40
0c3b20b58.jpg,72, 86, 888, 61, 897, 193, 766, 392, 297, 36
5e5404a1a.jpg,29, 72, 1007, 18, 1014, 119, 753, 365, 318, 34
0ed1078f8.jpg,27, 32, 586, 40, 461, 196, 71, 22
3dbd0220f.jpg,192, 217, 869, 199, 815, 483, 448, 48
2efb3c9b4.jpg,9, 27, 986, 115, 1021, 288, 970, 367, 320, 36
1e224fdc3.jpg,50, 197, 506, 210, 955, 173, 707, 404, 508, 41
4d56f9a3e.jpg,19, 194, 44, 94, 1025, 35, 756, 298, 164, 33
1fdb6c6f1.jpg,4, 40, 1034, 46, 789, 377, 200, 35
3fb45fe56.jpg,5, 405, 67, 260, 1036, 270, 702, 575, 168, 62
2a8457c08.jpg,38, 257, 824, 286, 693, 441, 250, 43
3ff5945fd.jpg,115, 157, 1284, 123, 1337, 243, 1146, 450, 543, 42
4f8bf594e.jpg,1, 136, 28, 12, 1041, 8, 996, 232, 861, 391, 126, 37
2eccec490.jpg,73, 99, 672, 104, 615, 339, 509, 33
0cd888d7e.jpg,23, 267, 25, 167, 983, 192, 1026, 281, 818, 474, 255, 47
1de8016b6.jpg,30, 139, 1017, 214, 690, 476, 407, 48
3c2b4fe05.jpg,18, 8, 944, 8, 967, 168, 714, 400, 360, 38
3ff4c4f5f.jpg,28, 220, 1658, 224, 2006, 214, 2029, 311, 1288, 464, 964, 46
1bc53a956.jpg,90, 250, 939, 211, 860, 391, 199, 44
3df4ddba0.jpg,12, 294, 1062, 367, 883, 554, 352, 57
0a9b3c0dc.jpg,19, 33, 795, 25, 640, 334, 141, 29
4bf84920b.jpg,0, 64, 839, 20, 840, 264, 865, 158, 257, 30
3a7ab2575.jpg,42, 14, 19, 100, 1018, 37, 965, 250, 146, 23
03e2aaaf9.jpg,59, 299, 75, 155, 1025, 176, 571, 44
1d0297622.jpg,15, 16, 1034, 15, 1035, 154, 41, 15
2b7ef05c6.jpg,21, 45, 951, 123, 703, 348, 251, 31
1c3ff0d92.jpg,46, 42, 850, 152, 960, 418, 239, 39
4a018dac2.jpg,31, 202, 869, 145, 641, 340, 154, 35
004fa8ff7.jpg,34, 126, 869, 117, 525, 261, 387, 29
4dd236ff0.jpg,14, 58, 605, 48, 451, 156, 144, 16
3e37e59d0.jpg,23, 196, 39, 131, 869, 132, 1025, 138, 540, 452, 372, 42
1fbd2683f.jpg,11, 14, 1023, 14, 689, 466, 506, 51
1a66a8b1b.jpg,463, 347, 906, 138, 976, 273, 527, 68
5bc85f2fb.jpg,20, 123, 1032, 152, 699, 281, 261, 27
5a03ef706.jpg,0, 48, 775, 40, 637, 188, 89, 19
3ac3e1db2.jpg,69, 35, 524, 28, 348, 241, 229, 24
3fd5daaf7.jpg,109, 387, 181, 301, 764, 289, 939, 282, 647, 439, 148, 44
1d647f03c.jpg,12, 7, 653, 7, 516, 162, 7, 11
04ec29ecc.jpg,66, 348, 238, 270, 843, 268, 1008, 277, 976, 387, 183, 43
3c25babcb.jpg,13, 9, 1041, 23, 653, 285, 267, 29
2a032bd66.jpg,24, 137, 185, 57, 989, 47, 1028, 170, 690, 366, 428, 41
2e7c08416.jpg,27, 109, 1031, 111, 667, 338, 333, 33
2bf940128.jpg,43, 91, 939, 96, 544, 345, 266, 36
3d1716ba8.jpg,4, 185, 678, 164, 668, 205, 404, 332, 163, 33
04ada1eaa.jpg,0, 92, 1038, 107, 1001, 201, 598, 355, 397, 34
1f352cb17.jpg,77, 310, 111, 198, 1018, 184, 968, 352, 182, 47
5cec206ff.jpg,10, 61, 578, 84, 533, 301, 319, 28
0a2a6904f.jpg,14, 50, 1026, 42, 730, 463, 536, 43
0dd7d397c.jpg,28, 211, 1004, 227, 1015, 437, 253, 45
0e5ab0d27.jpg,27, 125, 755, 148, 581, 303, 191, 29
4cccd5b04.jpg,21, 228, 90, 68, 986, 91, 577, 506, 261, 55
4a6222ff6.jpg,8, 224, 1047, 217, 776, 484, 171, 49
0e2f8d45b.jpg,0, 22, 1015, 9, 1024, 120, 910, 198, 269, 20
4cf8b7c49.jpg,125, 348, 140, 281, 1022, 269, 727, 43
2a3203d77.jpg,31, 263, 1042, 199, 695, 454, 331, 45
1d6d2af8e.jpg,108, 245, 977, 42, 707, 488, 264, 53
1c0be8135.jpg,102, 104, 155, 53, 600, 51, 394, 198, 148, 20
0e389a8d8.jpg,15, 9, 1047, 13, 691, 346, 368, 35
3b64625c5.jpg,15, 227, 92, 21, 757, 33, 444, 353, 70, 39
3f9168754.jpg,169, 167, 551, 302, 844, 194, 910, 355, 586, 588, 342, 54
4d8bbe17b.jpg,46, 167, 849, 174, 556, 458, 326, 41
03d9f9959.jpg,12, 241, 56, 153, 854, 126, 1029, 127, 692, 400, 189, 41
05b6fbe96.jpg,3, 56, 643, 63, 532, 211, 169, 20
5f23e1d5d.jpg,43, 186, 76, 86, 787, 79, 1014, 32, 690, 374, 147, 33
1bed1b4e6.jpg,111, 286, 201, 168, 963, 175, 655, 508, 175, 46
02bd94f1f.jpg,5, 95, 123, 49, 1022, 3, 1033, 58, 599, 361, 363, 38
5e4ad7f18.jpg,33, 24, 828, 37, 859, 123, 640, 218, 237, 19
1c4b278ae.jpg,0, 219, 51, 145, 1046, 109, 809, 364, 226, 41
03a8f9dc0.jpg,5, 133, 823, 132, 865, 222, 792, 307, 163, 30
1c4d237d9.jpg,35, 149, 87, 111, 1001, 107, 650, 284, 228, 28
1c23feae7.jpg,49, 35, 1012, 21, 788, 267, 194, 25
1b7b97c25.jpg,56, 97, 577, 111, 368, 293, 276, 29
1b17d410a.jpg,26, 251, 1029, 242, 775, 542, 175, 49
2aba747c4.jpg,11, 103, 952, 4, 1041, 122, 770, 445, 509, 47
1ad8b4ad7.jpg,20, 37, 774, 30, 1018, 17, 742, 222, 50, 14
2eef02568.jpg,30, 258, 531, 349, 1025, 249, 928, 372, 253, 41
1e1130d45.jpg,140, 144, 1029, 149, 750, 408, 292, 42
4c7cc130d.jpg,27, 113, 689, 114, 499, 329, 147, 29
04cd8c8db.jpg,17, 90, 1043, 97, 727, 282, 184, 29
5cb418374.jpg,180, 184, 951, 181, 580, 611, 267, 623, 125, 35
3e789edf7.jpg,82, 140, 958, 139, 893, 320, 136, 34
4cdd31702.jpg,4, 18, 839, 121, 743, 329, 152, 29
3fcd8221b.jpg,46, 235, 86, 115, 1008, 186, 582, 460, 232, 46
0aec113b3.jpg,36, 67, 974, 53, 1022, 157, 583, 491, 498, 44
3f62ad59e.jpg,26, 100, 69, 48, 872, 41, 575, 260, 251, 28
4c0c1c29a.jpg,60, 178, 975, 218, 983, 305, 751, 459, 350, 47
1eda5303a.jpg,166, 57, 1594, 238, 2403, 149, 3110, 23, 3365, 230, 2347, 614, 1511, 61
4d57d2de2.jpg,225, 381, 277, 204, 766, 165, 769, 347, 508, 546, 349, 55
1c976a4cb.jpg,56, 191, 95, 94, 991, 58, 713, 319, 247, 38
2ecf8f421.jpg,24, 353, 544, 357, 1038, 256, 1037, 374, 28, 41
3f96e62ce.jpg,4, 121, 33, 64, 1032, 50, 848, 243, 150, 27
2fe1492bd.jpg,35, 145, 548, 134, 443, 263, 151, 26
1ae8d2689.jpg,12, 173, 1042, 197, 769, 521, 259, 50
1dc2abc49.jpg,88, 116, 1016, 126, 682, 477, 333, 49
0e4fa58b5.jpg,30, 57, 528, 46, 351, 190, 237, 18
3b159b509.jpg,61, 29, 1020, 33, 692, 230, 356, 27
1ef017dff.jpg,4, 178, 39, 105, 1026, 99, 676, 355, 365, 35
5d5653061.jpg,34, 211, 1023, 166, 643, 494, 486, 49
1eaaf8b4d.jpg,103, 195, 841, 141, 701, 423, 324, 41
0e5538c86.jpg,26, 266, 987, 32, 711, 313, 316, 35
1e6e48626.jpg,158, 8, 583, 123, 384, 366, 234, 32
4e8e3878b.jpg,44, 231, 210, 186, 833, 164, 1037, 177, 769, 340, 321, 37
1a288300a.jpg,266, 355, 343, 300, 773, 223, 686, 29
4cc4b8a69.jpg,68, 253, 113, 158, 1012, 116, 616, 467, 290, 50
3cd066232.jpg,2, 31, 881, 12, 1034, 101, 608, 281, 421, 25
5da15112c.jpg,24, 188, 45, 121, 609, 180, 881, 143, 838, 239, 686, 281, 297, 29
5fc9a9630.jpg,15, 23, 386, 116, 733, 103, 1001, 31, 941, 289, 298, 31
2ef59fafc.jpg,157, 231, 178, 101, 523, 198, 912, 114, 520, 436, 384, 41
4e2adc037.jpg,31, 138, 340, 195, 663, 137, 683, 188, 484, 307, 216, 30
5d3c556a9.jpg,4, 92, 30, 30, 271, 128, 558, 46, 340, 196, 133, 19
1ac218498.jpg,36, 278, 189, 30, 546, 348, 1032, 232, 660, 432, 77, 47
5fc9fe57f.jpg,30, 60, 959, 57, 634, 341, 89, 32
4a67a0422.jpg,145, 188, 873, 256, 760, 441, 344, 50
2a460435a.jpg,280, 33, 0, 491, 1030, 37, 437, 820, 60, 81
02d726ca2.jpg,19, 96, 1022, 121, 742, 335, 507, 32
2e1ea7050.jpg,25, 28, 1037, 19, 978, 206, 25, 21
2ccaab956.jpg,51, 51, 838, 24, 886, 115, 726, 258, 428, 32
1b5dbd92b.jpg,95, 47, 605, 77, 550, 207, 184, 19
0cbfdf671.jpg,288, 192, 719, 254, 621, 382, 393, 35
0e0989933.jpg,8, 117, 245, 119, 864, 110, 971, 119, 996, 210, 893, 279, 307, 30
3e795eaa1.jpg,13, 23, 1033, 20, 858, 304, 253, 36
3d027843a.jpg,43, 66, 212, 32, 628, 29, 739, 79, 532, 165, 391, 19
5fabf84aa.jpg,110, 112, 786, 94, 826, 177, 532, 399, 398, 40
2db686d8b.jpg,3, 108, 420, 165, 887, 125, 929, 113, 1037, 193, 786, 428, 492, 40
3ee37c236.jpg,29, 72, 55, 34, 255, 31, 861, 32, 1006, 61, 716, 207, 234, 21
4afb9eb3c.jpg,23, 155, 1008, 162, 777, 358, 246, 38
3de1ca0ad.jpg,2, 65, 684, 98, 394, 274, 260, 29
2af724b4d.jpg,111, 321, 912, 276, 986, 345, 820, 454, 435, 450, 331, 29
1f0ca82c3.jpg,32, 296, 82, 189, 1023, 32, 957, 294, 60, 32
4d6854a21.jpg,36, 287, 42, 178, 497, 256, 766, 169, 1027, 133, 799, 350, 227, 39
3c1f6d222.jpg,32, 110, 170, 66, 741, 75, 919, 86, 901, 142, 190, 17
03eaaa1bc.jpg,4, 2, 1013, 14, 955, 194, 282, 27
1a51902e8.jpg,738, 16, 1024, 147, 924, 241, 74, 278, 53, 56, 993, 11
2e6401fb0.jpg,10, 50, 604, 50, 475, 233, 146, 21
1e1b07de3.jpg,29, 32, 1014, 27, 597, 430, 436, 43
5b1dce72b.jpg,50, 21, 632, 69, 1218, 210, 1665, 147, 1673, 264, 488, 26
0c99493b7.jpg,13, 20, 898, 33, 1012, 178, 998, 271, 290, 29
5dd5ce07a.jpg,35, 198, 289, 98, 1039, 100, 744, 235, 180, 28
2c1a6c05c.jpg,29, 263, 1042, 159, 829, 404, 190, 46
0e0498c20.jpg,41, 16, 1017, 88, 513, 403, 321, 39
0c490c283.jpg,13, 168, 13, 82, 1003, 79, 794, 236, 191, 24
4f366c25a.jpg,52, 205, 1009, 84, 969, 388, 81, 46
3a91035ea.jpg,11, 99, 873, 135, 594, 387, 377, 38
0a1890899.jpg,1, 298, 92, 228, 839, 211, 610, 456, 196, 43
5c602a3af.jpg,58, 268, 291, 213, 743, 210, 1031, 254, 544, 409, 319, 38
4ac21d48b.jpg,32, 102, 164, 30, 872, 44, 1025, 101, 791, 251, 153, 34
2bece1295.jpg,10, 39, 301, 33, 817, 36, 1011, 34, 804, 232, 352, 24
5ad82198d.jpg,379, 139, 735, 126, 797, 196, 676, 341, 444, 30
3d153715b.jpg,29, 336, 261, 311, 768, 303, 968, 295, 1031, 325, 913, 454, 196, 44
1dcafff3d.jpg,77, 268, 1028, 178, 728, 535, 210, 540, 47, 36
2fe5cb6bf.jpg,81, 244, 88, 52, 990, 58, 740, 428, 156, 44
4d24a354f.jpg,41, 201, 968, 222, 568, 454, 394, 43
0b3372f01.jpg,4, 12, 1038, 8, 633, 369, 397, 39
02a9c6f67.jpg,30, 266, 232, 201, 815, 146, 1020, 143, 772, 274, 150, 29
0bba89813.jpg,23, 182, 318, 210, 758, 245, 921, 208, 1006, 452, 223, 36
3fb6f6735.jpg,0, 332, 38, 203, 1035, 206, 613, 574, 295, 57
1df8acb17.jpg,0, 6, 1041, 21, 746, 253, 440, 26
3fc59f4b1.jpg,28, 145, 1027, 168, 665, 512, 300, 49
0e0f1adf4.jpg,13, 68, 697, 58, 521, 181, 86, 20
3a2399b08.jpg,11, 53, 1045, 56, 581, 295, 201, 307, 818, 3
0f522e535.jpg,38, 88, 1022, 74, 596, 443, 447, 42
5f49df8b9.jpg,32, 108, 629, 167, 673, 308, 250, 29
03ceb64ce.jpg,81, 279, 914, 288, 796, 513, 360, 51
1b51f2b3e.jpg,131, 482, 47, 238, 67, 71, 207, 39, 325, 64, 476, 192, 855, 249, 1018, 317, 614, 38
5a805b825.jpg,10, 158, 1018, 158, 765, 412, 221, 35
4e87e9e74.jpg,3, 260, 1033, 210, 796, 445, 215, 45
1fc48c1d1.jpg,5, 12, 967, 11, 1041, 100, 777, 340, 500, 33
3c4055f42.jpg,17, 264, 45, 185, 1014, 188, 608, 426, 366, 42
3b82fe211.jpg,4, 224, 864, 190, 868, 276, 531, 440, 144, 42
3e093fec3.jpg,31, 76, 1030, 114, 769, 447, 300, 43
4a118b84c.jpg,66, 276, 100, 159, 992, 170, 573, 457, 380, 47
5c8cbb78d.jpg,7, 25, 470, 20, 500, 202, 165, 19
3aa15e687.jpg,3, 78, 33, 5, 1022, 11, 1025, 99, 675, 246, 270, 22
1b3bc3b0a.jpg,11, 282, 1003, 267, 1037, 344, 766, 519, 428, 53
5ade0ce80.jpg,43, 103, 66, 39, 1022, 48, 972, 132, 681, 279, 326, 27
0f41d9dee.jpg,18, 337, 103, 262, 1041, 279, 781, 469, 229, 49
3e7e2537e.jpg,112, 412, 258, 266, 746, 230, 954, 197, 702, 389, 113, 41
3e141f18f.jpg,22, 247, 876, 195, 745, 378, 156, 38
1d7be81a2.jpg,16, 6, 1027, 8, 881, 140, 265, 17
4b3ade927.jpg,5, 182, 282, 140, 849, 179, 1047, 200, 572, 369, 345, 37
4d9a56c4b.jpg,12, 11, 378, 24, 390, 144, 127, 13
1b9bd0262.jpg,51, 91, 992, 188, 683, 433, 322, 403, 25, 15
3a7a79aef.jpg,9, 259, 880, 160, 582, 363, 260, 39
0b4ac2b0a.jpg,33, 294, 43, 220, 1034, 232, 905, 422, 227, 45
3bdef26dd.jpg,15, 9, 1010, 7, 1022, 125, 715, 373, 409, 35
4d24f03da.jpg,13, 62, 713, 76, 722, 192, 581, 327, 204, 31
0cfd61547.jpg,67, 149, 1015, 147, 863, 302, 254, 39
0bee2732b.jpg,171, 434, 344, 336, 825, 253, 987, 284, 475, 557, 316, 55
4fab2efae.jpg,21, 206, 1017, 210, 654, 453, 430, 46
5d2a02872.jpg,11, 373, 40, 316, 862, 135, 588, 421, 77, 44
2e1b94101.jpg,22, 17, 1047, 4, 828, 379, 63, 26
4b24dd763.jpg,32, 17, 751, 26, 659, 235, 297, 23
4b9c984b3.jpg,22, 273, 37, 187, 1036, 205, 679, 40
3b259d6a7.jpg,12, 160, 1041, 34, 857, 327, 122, 40
0c0918b12.jpg,31, 67, 998, 22, 1012, 102, 223, 263, 802, 29
1ee9dfcfc.jpg,9, 108, 38, 33, 1042, 37, 694, 301, 272, 34
1bc1b8274.jpg,3, 243, 28, 168, 689, 107, 431, 262, 54, 30
0e3b7658c.jpg,55, 164, 1015, 164, 597, 448, 415, 45
4c73b7bf5.jpg,101, 236, 138, 126, 949, 246, 647, 353, 205, 39
3ad0d3a08.jpg,281, 321, 739, 275, 779, 412, 357, 41
5b0ee37ef.jpg,28, 249, 125, 36, 1033, 49, 544, 339, 146, 37
5fb33057d.jpg,20, 19, 1031, 36, 850, 208, 293, 18
2b6fd85f1.jpg,9, 100, 771, 99, 522, 282, 250, 30
4b8943e01.jpg,132, 177, 215, 32, 975, 75, 597, 394, 335, 42
2bd8ce24f.jpg,314, 7, 453, 328, 261, 304, 251, 9
4f9ae162b.jpg,227, 312, 445, 257, 728, 247, 895, 319, 553, 413, 374, 40
1e70d70b2.jpg,58, 95, 986, 105, 798, 329, 295, 32
4a530d349.jpg,11, 164, 177, 58, 824, 63, 1019, 47, 704, 293, 310, 36
3b02c97be.jpg,97, 83, 536, 104, 566, 170, 407, 298, 208, 298, 316, 27
1d23e7652.jpg,33, 281, 250, 211, 825, 191, 1035, 201, 508, 445, 267, 46
4c90060d8.jpg,36, 101, 1031, 79, 618, 400, 406, 38
2c26b4727.jpg,17, 27, 1029, 25, 640, 286, 424, 29
5c28a4544.jpg,23, 195, 1028, 190, 812, 419, 219, 43
4acb0858f.jpg,34, 226, 1041, 229, 693, 452, 348, 48
5caf305c2.jpg,41, 82, 578, 75, 340, 265, 208, 265, 237, 26
3a88c991c.jpg,221, 419, 234, 299, 318, 183, 961, 180, 833, 30
4f986828d.jpg,51, 178, 993, 232, 749, 449, 265, 43
5a5ba0701.jpg,13, 112, 1039, 82, 675, 298, 344, 29
2a041601c.jpg,46, 199, 949, 195, 715, 495, 362, 50
0b1619e1c.jpg,10, 37, 274, 8, 887, 21, 1040, 15, 723, 241, 478, 25
01d8ab0b0.jpg,5, 89, 447, 109, 433, 194, 79, 18
0f905da69.jpg,13, 141, 871, 130, 921, 211, 739, 371, 379, 37
5e18592ea.jpg,0, 10, 1040, 11, 994, 109, 643, 291, 331, 30
0aaa29830.jpg,26, 201, 1026, 237, 896, 403, 260, 41
3e1c1364a.jpg,24, 258, 32, 201, 1022, 266, 730, 390, 218, 37
5a955c46f.jpg,26, 31, 211, 38, 843, 63, 1027, 29, 728, 331, 344, 37
4f2160ca8.jpg,148, 60, 934, 107, 955, 197, 454, 543, 340, 51
5a096d19d.jpg,6, 223, 74, 148, 540, 271, 832, 162, 1039, 146, 1004, 254, 770, 409, 304, 40
1e287beb9.jpg,13, 178, 1041, 112, 655, 688, 451, 68
0eb876427.jpg,10, 76, 199, 3, 714, 9, 912, 0, 1042, 6, 1007, 43, 189, 17
2fcc0d705.jpg,16, 282, 1039, 279, 738, 535, 138, 53
1a099d8b8.jpg,7, 14, 832, 12, 822, 102, 73, 16
00ac0fca6.jpg,117, 121, 926, 128, 516, 467, 388, 47
4f3ea827d.jpg,24, 125, 971, 179, 743, 422, 286, 40
5b31ae7bf.jpg,124, 69, 830, 82, 607, 380, 261, 39
5ea7cae7e.jpg,81, 210, 978, 178, 779, 430, 318, 46
2c22f4477.jpg,49, 108, 23, 209, 1021, 95, 697, 299, 126, 31
3d4cacabc.jpg,10, 57, 1025, 35, 696, 384, 293, 38
0fde4f5b5.jpg,71, 60, 901, 62, 985, 196, 935, 345, 415, 31
5edfb107a.jpg,23, 14, 1021, 31, 848, 336, 189, 28
0fa248dd9.jpg,1, 255, 1037, 244, 699, 473, 237, 48
4b98bfaa9.jpg,10, 12, 240, 11, 149, 90, 24, 72, 3, 4
0dcbe0745.jpg,23, 36, 992, 63, 780, 360, 316, 25
2a7f02bcc.jpg,14, 6, 624, 31, 376, 185, 273, 18
1fc426ad9.jpg,9, 65, 16, 6, 929, 33, 946, 92, 658, 240, 251, 24
4fa2b0dc1.jpg,1, 0, 1040, 61, 887, 345, 141, 28
0c41f6aff.jpg,51, 134, 964, 135, 705, 396, 433, 41
0ade78f0b.jpg,31, 159, 1028, 163, 649, 454, 456, 46
2baf047de.jpg,9, 31, 1025, 35, 896, 348, 89, 33
5c8453a4c.jpg,0, 161, 12, 164, 1030, 181, 743, 382, 362, 39
0d1f599eb.jpg,2, 9, 1040, 15, 637, 482, 433, 49
02ce8eb2b.jpg,106, 111, 730, 14, 832, 173, 818, 330, 494, 48
3d0695940.jpg,13, 18, 1031, 13, 877, 385, 200, 30
0a3b8a8e8.jpg,714, 278, 1679, 280, 1679, 355, 732, 35
5c2017473.jpg,31, 221, 1014, 230, 985, 331, 231, 34
5d0a58e5d.jpg,29, 14, 1024, 13, 652, 451, 301, 45
0cfa32d33.jpg,32, 37, 906, 31, 1026, 242, 792, 558, 222, 21
2d3935fb4.jpg,13, 111, 687, 98, 687, 139, 466, 277, 328, 27
5d2f49230.jpg,63, 107, 1036, 50, 699, 305, 52, 342, 119, 32
2cf93fddf.jpg,45, 89, 1009, 156, 598, 459, 290, 42
5facc67f9.jpg,19, 202, 955, 43, 1033, 235, 902, 456, 332, 49
5b51146f6.jpg,361, 288, 729, 310, 606, 417, 412, 41
2a13045d1.jpg,20, 106, 681, 95, 480, 293, 261, 30
2c5de03aa.jpg,106, 258, 932, 284, 707, 451, 350, 45
02eeb5faa.jpg,36, 87, 162, 40, 1016, 57, 794, 166, 347, 24
2b63522bf.jpg,46, 179, 335, 193, 662, 123, 593, 198, 131, 28
5e3de4128.jpg,24, 212, 1031, 207, 817, 431, 121, 48
2dccced25.jpg,10, 17, 265, 11, 604, 111, 1018, 6, 1019, 117, 696, 270, 339, 27
0f166c2cc.jpg,66, 280, 144, 126, 1005, 135, 810, 458, 140, 47
4b1222c82.jpg,40, 37, 767, 48, 773, 172, 623, 307, 299, 30
05abf15c0.jpg,87, 322, 958, 154, 958, 206, 583, 384, 250, 44
4fe71fd90.jpg,14, 112, 23, 19, 1038, 10, 556, 293, 162, 28
3f4a2d1fa.jpg,30, 146, 61, 113, 926, 142, 764, 275, 72, 26
3ea72d441.jpg,75, 88, 1006, 198, 597, 556, 421, 54
0e99aaf39.jpg,11, 89, 65, 32, 414, 33, 492, 49, 388, 164, 137, 16
2cf7c69f4.jpg,25, 37, 1002, 46, 1035, 135, 835, 276, 320, 25
00ff45291.jpg,13, 8, 669, 18, 776, 109, 642, 239, 487, 24
4dd20d613.jpg,31, 66, 905, 86, 1029, 72, 951, 210, 195, 23
3d4072ad5.jpg,56, 113, 519, 106, 532, 228, 155, 23
5dcc8fe86.jpg,4, 12, 690, 93, 386, 297, 281, 28
2f53e8505.jpg,129, 306, 182, 182, 998, 197, 602, 41
1b0d4c9c2.jpg,15, 140, 206, 125, 1027, 129, 796, 263, 223, 27
2ad66a759.jpg,47, 225, 394, 281, 950, 286, 1243, 222, 1165, 369, 261, 39
5e4e2b0d8.jpg,18, 19, 984, 33, 968, 238, 39, 20
3d94f6180.jpg,8, 132, 1033, 210, 1033, 277, 652, 402, 348, 39
0e28901f8.jpg,8, 49, 108, 38, 364, 29, 454, 56, 299, 165, 148, 15
2ef365726.jpg,23, 34, 1029, 34, 701, 385, 290, 38
0c949b8f3.jpg,11, 144, 1041, 21, 1034, 160, 774, 306, 74, 32
5f269b266.jpg,38, 106, 901, 88, 968, 159, 816, 291, 402, 30
3e3e8c6ee.jpg,125, 304, 241, 67, 936, 51, 986, 125, 448, 510, 207, 52
1fd3be518.jpg,47, 194, 314, 178, 713, 209, 1011, 210, 744, 333, 306, 31
2d2027b9c.jpg,5, 36, 556, 23, 380, 177, 217, 19
00f44f4e1.jpg,74, 223, 827, 202, 883, 276, 650, 485, 457, 49
3d146bf74.jpg,43, 282, 81, 202, 967, 192, 709, 418, 202, 46
0ec7b958d.jpg,24, 152, 290, 195, 354, 37, 668, 166, 976, 14, 928, 168, 1010, 121, 815, 486, 307, 49
2c5bfcc21.jpg,28, 87, 92, 38, 280, 40, 764, 28, 996, 30, 682, 268, 337, 27
0f4a44d32.jpg,164, 317, 236, 39, 864, 34, 669, 529, 311, 57
001a4d292.jpg,19, 106, 659, 101, 436, 319, 260, 33
4f356eae5.jpg,17, 170, 44, 61, 1019, 54, 720, 409, 212, 40
0a21bfb1a.jpg,46, 136, 183, 34, 454, 77, 822, 12, 1023, 78, 678, 200, 135, 23
0ee99817d.jpg,16, 71, 1047, 58, 1010, 214, 233, 32
4fc3d49e2.jpg,206, 211, 290, 133, 473, 200, 836, 95, 1017, 42, 699, 296, 186, 23
0f05a3ba8.jpg,3, 10, 984, 5, 1041, 95, 703, 433, 515, 45
2ee347bdb.jpg,17, 83, 230, 95, 431, 22, 282, 220, 224, 20
2ee0018dd.jpg,44, 145, 219, 133, 721, 191, 1030, 248, 1013, 283, 23, 24
5fb8f73a7.jpg,7, 222, 294, 189, 683, 177, 865, 204, 676, 274, 177, 26
3f22fa10c.jpg,44, 68, 384, 234, 707, 88, 484, 366, 162, 35
0dd64a6b3.jpg,16, 249, 291, 229, 666, 193, 862, 202, 565, 409, 363, 43
3bf582861.jpg,42, 177, 88, 31, 289, 149, 525, 61, 637, 29, 362, 306, 142, 31
01b7a570a.jpg,34, 195, 930, 235, 905, 420, 197, 40
0c3379921.jpg,61, 92, 1002, 75, 673, 455, 174, 45
3b4980d60.jpg,38, 136, 963, 283, 1000, 452, 230, 39
5dd890303.jpg,65, 140, 634, 157, 864, 403, 407, 35
2b089b225.jpg,16, 225, 28, 169, 1047, 167, 709, 397, 338, 40
4e9607235.jpg,3, 8, 1030, 12, 945, 135, 47, 9
0cfb2615d.jpg,43, 224, 1031, 225, 713, 434, 241, 37
4ec39ab25.jpg,36, 145, 82, 70, 502, 80, 382, 163, 57, 21
1a577b69c.jpg,41, 123, 774, 137, 449, 411, 357, 41
0f89e1816.jpg,39, 59, 1028, 93, 627, 427, 421, 45
4caef1b7c.jpg,23, 105, 181, 80, 356, 74, 462, 89, 322, 176, 128, 16
5b3d3e437.jpg,4, 5, 963, 29, 1046, 168, 820, 480, 480, 47
2ec28a3c3.jpg,17, 91, 539, 242, 861, 146, 1003, 107, 1038, 262, 850, 408, 209, 31
2cb0363d0.jpg,11, 54, 948, 20, 984, 168, 783, 359, 253, 30
4eca749b6.jpg,122, 174, 474, 61, 597, 413, 235, 39
3c0e1bb3c.jpg,11, 54, 186, 5, 762, 18, 1036, 35, 731, 214, 336, 19
4e084d293.jpg,29, 185, 83, 185, 364, 215, 779, 235, 963, 202, 710, 366, 386, 37
3c70d47c2.jpg,44, 212, 90, 131, 822, 115, 999, 123, 639, 327, 326, 37
5bc9c4219.jpg,7, 190, 1674, 189, 1679, 269, 1117, 465, 543, 44
2eab1fc3e.jpg,13, 12, 1022, 24, 810, 369, 185, 34
5b8f3af0a.jpg,254, 212, 767, 223, 667, 408, 439, 40
0c0277706.jpg,38, 193, 1008, 196, 754, 359, 305, 39
2a52b5d42.jpg,48, 168, 1028, 136, 799, 382, 106, 41
4e04e1656.jpg,14, 7, 1034, 8, 899, 193, 285, 23
2a86b4d0c.jpg,35, 287, 105, 167, 1024, 185, 644, 456, 177, 52
3dcac20f1.jpg,101, 243, 152, 118, 366, 177, 481, 110, 632, 131, 404, 23
4e7b8030d.jpg,7, 215, 1022, 211, 916, 370, 271, 43
5d776fc45.jpg,33, 95, 936, 113, 980, 311, 933, 405, 296, 41
03eb52c65.jpg,19, 26, 833, 33, 578, 233, 308, 24
000e7c7df.jpg,238, 142, 926, 102, 628, 439, 144, 373, 186, 50
4a979e8d1.jpg,6, 20, 1046, 12, 840, 177, 228, 21
0d58b6924.jpg,4, 75, 817, 81, 866, 151, 610, 360, 384, 37
3b92598c9.jpg,8, 94, 952, 76, 1042, 224, 836, 440, 562, 45
1d3359036.jpg,31, 144, 992, 126, 708, 431, 502, 43
3ba301459.jpg,19, 45, 1028, 39, 851, 400, 266, 42
2f32c1b9d.jpg,5, 137, 42, 74, 601, 8, 671, 7, 287, 288, 140, 292, 312, 28
1b38558b5.jpg,27, 125, 1010, 133, 641, 405, 439, 40
5d14c33af.jpg,146, 173, 853, 200, 704, 347, 359, 38
02a7d8a15.jpg,23, 144, 50, 31, 879, 108, 557, 346, 259, 37
2e6a1d13f.jpg,9, 74, 360, 156, 594, 91, 740, 99, 719, 154, 97, 17
0d9a9a263.jpg,124, 393, 184, 260, 962, 222, 801, 35
4b732fd59.jpg,26, 59, 912, 46, 1007, 134, 868, 311, 461, 33
1e9247061.jpg,67, 34, 894, 62, 963, 212, 913, 292, 331, 29
2cd1593b0.jpg,15, 190, 716, 187, 621, 304, 183, 30
1dbc71f0a.jpg,6, 79, 75, 6, 1008, 20, 1030, 88, 493, 296, 179, 28
4ee8ad81f.jpg,12, 192, 48, 32, 302, 79, 794, 37, 1033, 10, 720, 31
1e0271224.jpg,232, 325, 286, 239, 890, 204, 565, 486, 410, 48
4d35014a3.jpg,11, 212, 47, 53, 885, 44, 606, 356, 125, 35
0bf807cca.jpg,25, 155, 172, 108, 783, 145, 1022, 161, 541, 445, 405, 45
5dd12c973.jpg,142, 260, 129, 143, 906, 234, 817, 432, 361, 46
1d31591ba.jpg,72, 150, 221, 66, 807, 155, 745, 612, 352, 55
0ad5c7959.jpg,20, 55, 239, 71, 802, 60, 1031, 52, 642, 280, 455, 29
2a892eea8.jpg,31, 221, 43, 117, 516, 291, 1018, 142, 1012, 235, 632, 447, 357, 45
3e23b20a2.jpg,13, 249, 26, 185, 1022, 195, 931, 34
5b6b54835.jpg,10, 13, 859, 13, 1034, 310, 932, 656, 495, 61
1ace6f304.jpg,77, 129, 991, 87, 798, 424, 186, 43
4c910047d.jpg,62, 399, 300, 250, 495, 10, 556, 41, 451, 305, 378, 38
2f8ff881e.jpg,22, 140, 205, 140, 859, 133, 1041, 130, 843, 318, 220, 33
0e45a186a.jpg,38, 63, 610, 115, 665, 196, 584, 282, 203, 26
0b7ecaa3d.jpg,59, 69, 998, 63, 586, 347, 448, 35
4aaabf587.jpg,19, 162, 1030, 180, 839, 303, 281, 34
2a23eb8dc.jpg,64, 30, 1029, 128, 630, 474, 309, 47
2aff6a587.jpg,24, 25, 648, 43, 356, 331, 264, 34
5b7133808.jpg,13, 39, 769, 123, 578, 302, 146, 22
1f4383aaa.jpg,15, 328, 25, 222, 1028, 274, 618, 493, 226, 50
3fadc4557.jpg,8, 1, 1046, 7, 699, 224, 357, 22
4cdcac8a5.jpg,112, 348, 409, 267, 1332, 274, 1666, 306, 1646, 37
4d7d05016.jpg,121, 222, 148, 163, 560, 166, 514, 25
3ebd1c0db.jpg,53, 35, 1036, 97, 992, 205, 160, 22
3d0d0dee1.jpg,1, 4, 1028, 11, 1032, 59, 636, 226, 326, 20
3a9aab364.jpg,50, 203, 1015, 202, 833, 345, 87, 30
05addb78c.jpg,97, 126, 557, 115, 370, 273, 297, 279, 268, 288, 280, 26
1ae50f9e1.jpg,7, 83, 711, 77, 759, 159, 657, 315, 224, 29
0fc0845b8.jpg,9, 180, 977, 175, 684, 367, 309, 37
0c8c3b13d.jpg,11, 244, 1034, 224, 895, 368, 183, 40
1dd6f8a4a.jpg,22, 35, 66, 29, 700, 73, 964, 128, 1029, 230, 887, 347, 431, 27
4f4797b3a.jpg,96, 317, 99, 192, 938, 44, 990, 164, 713, 40
0f3c1f2ca.jpg,38, 149, 654, 168, 511, 268, 152, 27
0fcc458b4.jpg,26, 135, 1006, 144, 649, 472, 365, 49
3b3115b2a.jpg,24, 50, 531, 37, 379, 99, 157, 10
2dc0a6199.jpg,12, 10, 970, 8, 1035, 105, 880, 243, 393, 25
4d2f1d959.jpg,112, 351, 121, 228, 902, 261, 555, 508, 244, 47
0ecccf7f2.jpg,9, 68, 1021, 80, 679, 352, 201, 37
